1444 4004 196 72 3871 2203 552 3950 4048 1676 4246 860 665 4544 2131 1292 1080 765 1523 576
696 121 454 3777 565 4756 2387 1980 639 1580 1887 3793 4233 4544 4436 2203 4712 700 355 4098
2641 1772 151 535 4271 163 543 3220 2538 545 3985 4950 779 1131 313 1 601 143 2639 1719
831 4533 153 4965 2129 4293 1334 3648 3787 135 2121 2364 3512 169 1446 1296 1260 649 3487 1296
2461 2570 700 1319 3412 571 3556 2723 2121 1104 1207 3660 1434 2623 4290 1080 439 1118 947 3536
1282 1709 453 4825 3073 4783 2665 1807 2137 3249 3082 413 315 714 250 4898 2686 3979 721 110
2258 3015 24 3930 957 725 1578 4919 1059 2226 2555 4086 3984 2244 4063 1799 3142 4665 4726 633
831 1296 3582 3695 3815 2372 3787 445 1775 4437 3257 450 3302 4676 2266 1259 3712 2753 118 4558
831 3064 2299 1310 3024 3957 4794 2038 3622 3617 4562 572 3065 1353 47 1353 4977 2059 1232 2105
1840 3064 136 1809 2978 3984 1438 321 4404 2890 413 1286 4375 1145 2820 1155 1603 2076 2728 422
1309 1442 4636 2011 1855 1337 543 3010 2287 4915 509 1337 4190 1539 4904 2448 1574 120 3661 1358
1786 735 831 1658 1880 4307 1309 1073 3735 3983 2504 1386 3760 1625 3661 1671 2131 2364 4617 2131
831 1816 2155 3367 3581 3996 4258 4782 4024 145 3864 3670 2533 1021 2831 4637 356 542 4157 4247
1949 3319 3909 2244 4491 4808 1300 2625 1948 1475 1673 4557 4689 1809 4264 3073 305 4039 2454 2232
3933 4879 419 1932 3398 599 4069 2723 2364 3252 3901 3787 445 4556 504 3152 1232 813 3288 2919
2965 4255 344 811 413 308 3558 4594 4063 4290 4872 2364 3428 839 1974 2364 2181 3001 4638 3539
4625 1296 105 48 4148 2203 3655 4496 3504 361 4270 1296 1981 816 4026 3566 2825 1840 4629 274
2434 557 1503 2226 4519 3985 788 3712 1720 1214 3138 3126 1131 2727 2244 4019 2402 4477 4461 2172
2203 4570 2989 2167 4258 4177 4378 500 1979 2699 2364 1671 3204 2509 127 3218 2164 1724 1309 2745
1884 918 744 3462 3518 1080 630 1123 4628 3297 4549 4063 3297 3252 4449 4050 3575 2897 3390 1112
1481 959 2194 778 3787 4301 700 4358 1402 535 673 4716 2048 1782 151 973 3942 4364 1292 4442
2156 575 871 3634 1319 2364 2757 1201 131 1121 3367 1713 1232 4327 118 3122 2244 2782 807 4311
3066 1049 4787 4819 4820 4403 3790 3099 2450 2274 2701 3952 1809 4418 3018 985 1301 1253 3233 1401
2488 831 4661 2177 2388 1337 468 3566 290 3581 1979 1324 3039 2455 4774 4513 2402 4502 4864 2599
3792 3013 4068 1080 3672 4311 1038 1019 1269 2299 1666 3410 1434 956 2277 3089 151 1070 2446 1308
555 3873 4408 2278 2418 2683 4759 3297 3151 2526 80 1124 3919 1119 3901 2623 386 1422 2364 3429
1309 1957 2395 4502 2909 2985 4226 1658 1019 3017 1049 3017 2618 2981 2337 4560 733 414 1799 3790
323 4095 305 2788 491 3333 2310 272 3151 1386 4637 914 804 142 1103 831 3980 3218 1816 2610
948 4311 1983 4667 503 3815 2723 3458 4441 1460 4980 714 2178 2332 3685 1696 813 2783 1142 1057
41 2418 2572 2917 4393 4636 909 2466 2409 2054 3451 70 4328 2779 1376 1080 1938 1166 4991 3073
831 2446 4369 1941 4027 4177 1261 445 1568 3609 4568 2810 1511 2691 1835 2956 1476 4671 1485 2641
811 3695 3771 3582 2861 1643 12 4290 3334 4387 2694 4251 2976 1980 4311 183 831 2671 2802 1896
190 3015 2244 654 1809 1267 4492 3919 3673 1080 908 1557 2574 2580 3502 1047 1965 2226 4375 543
1196 1638 4781 2694 3820 3881 4143 2573 3063 2244 831 2417 2418 1732 1625 1561 3183 3125 3870 3636
1835 3014 2516 831 564 3090 2143 3296 2661 2751 4014 1325 244 1660 4535 1186 3735 3009 1136 4497
4950 3031 4903 4877 3086 334 2827 1442 1282 4558 4564 3049 1267 3640 4876 3224 3787 4544 353 21
4682 1522 1685 4726 4252 3038 1165 2880 4657 2396 1564 3963 4037 2783 352 4717 2931 4755 4646 3230
1282 3838 4972 3533 1136 1345 2107 3706 2711 327 4086 1138 1178 3734 4388 1564 1446 1563 3993 3962
1309 157 3025 3308 2244 634 1985 2398 4059 4749 51 4896 952 4876 1652 2288 1260 874 4318 2815
2599 2671 4556 138 2242 3165 4258 3557 164 4885 3208 145 2115 3015 543 1639 3635 3712 2188 4639
831 3491 2446 2421 3712 138 244 1155 3984 1080 689 2075 4568 4019 4203 4418 2091 1453 3842 4639
1066 4252 273 2699 844 4089 3635 4549 1763 4689 1295 729 856 4796 2054 2222 571 3199 334 2384
2499 4565 2036 2003 2045 4874 321 4414 2593 1015 3401 4201 3845 4420 1173 3049 580 2364 247 3441
1136 3296 3366 1775 3051 1956 2919 967 156 4395 4135 1680 3916 2276 2792 3075 120 4264 1654 1296
3825 19 4904 758 2011 4014 345 2181 1447 2578 2985 3673 1545 4988 3240 4065 2890 1019 2759 2252
831 1522 3851 3901 217 3185 1870 4002 1273 80 2890 3164 3697 1606 2717 3438 832 4545 2054 4232
3912 4098 2499 312 605 3321 3711 1757 1957 4234 2971 4948 118 2070 1857 4002 419 293 4286 4726
3852 2301 4578 4022 1107 2082 4037 973 620 3896 2890 2121 1418 4264 2918 238 3142 4867 1673 2434
2107 2978 3297 3275 2543 462 1584 2671 3396 3360 2054 3180 1080 423 110 4138 3462 2418 1732 3686
807 4716 580 1196 2226 3390 3068 2752 4124 221 53 2364 145 3800 147 2561 1520 1243 1442 2671
3382 2162 2545 3456 3169 3342 3200 3695 4264 632 1469 120 2073 503 2226 4629 2237 831 831 3379
1282 2450 3634 555 1039 864 3160 4582 3217 1603 4982 2140 2574 4906 2682 12 157 3946 3306 4865
194 3252 3930 1054 491 3822 2671 1440 3107 4806 269 4372 1124 4014 1647 1788 2460 2051 2989 543
4582 2057 369 2873 831 338 3817 2057 2582 2434 794 99 2121 4549 2200 3322 2759 4689 1533 3528
4535 315 438 4763 4095 2922 2375 2364 2314 1048 3829 2931 1797 3065 4243 1019 413 4098 1352 2538
4177 983 1613 3694 134 3015 2729 722 3153 1267 1319 3396 2899 1269 1640 1314 601 1019 3017 342
4425 535 3984 489 3251 2465 3448 367 1953 4544 2989 4000 3560 1080 4535 2082 2274 174 6 1209
831 13 1099 1981 1220 1442 708 1258 345 4050 4496 3721 2156 1016 2976 4232 2695 1080 2488 278
2031 2244 2135 2542 3297 3017 4603 3919 16 957 4806 1736 4507 3075 503 2763 3809 3218 48 675
4037 445 2380 684 793 1128 3001 2432 1833 3218 4933 409 2418 1732 3670 3594 4588 3017 1299 145
656 4988 4269 1183 4535 2703 4659 1697 3166 4775 2500 190 2075 4431 4372 3779 1337 2011 2517 3405
831 4254 1385 1522 1809 4391 585 250 2820 2427 2131 4500 831 4298 72 1029 1080 3898 4093 745
811 3871 2674 815 4904 1980 2578 3901 3661 811 1834 3448 3987 2436 2226 1550 3718 2802 4267 1943
599 3386 2573 949 4682 4472 270 4475 2423 675 3793 3922 2455 4327 1654 4249 4658 633 141 4372
