106 1696 3279 408 2817 4990 1972 3466 4195 800 3288 3700 4644 3466 531 1480 816 1286 1669 3466
1619 718 4198 4347 800 4906 1286 1726 3466 237 3945 459 1239 800 541 800 4426 4266 1296 4253
1619 3914 3350 2373 3014 2373 123 100 2078 4990 626 626 626 626 626 626 626 626 626 626
1619 402 3565 3219 1080 2741 800 2929 517 1286 375 165 1846 2436 800 463 1286 1376 1445 662
1619 3914 1715 4298 800 886 1737 821 3123 3945 4426 2354 1696 3208 1155 1036 165 4946 2436 1463
111 1260 343 800 4383 4883 100 2115 4773 3281 141 1691 165 2321 1846 443 3256 662 3020 3969
1619 3914 3936 100 3053 3466 1696 195 1628 800 3175 1723 4245 4359 626 626 626 626 626 626
3188 2817 2274 1097 463 191 4386 3466 626 626 626 626 626 626 626 626 626 626 626 626
1619 3914 1431 3466 4844 1995 484 1286 1787 181 3466 378 3208 165 4946 2191 1628 3441 2628 573
138 3350 1453 100 1407 1628 4281 169 4306 4782 4734 2212 1328 3879 2778 400 1207 165 2352 2613
1619 1069 3915 2047 3289 2401 4973 113 3944 1000 165 606 2871 100 2830 955 2285 3342 4347 1597
4569 113 1628 2291 2748 1507 1121 1117 2200 800 3491 4583 113 1628 800 1237 3466 2373 2158 2974
1619 303 2373 3466 2611 2824 626 626 626 626 626 626 626 626 626 626 626 626 626 626
3466 626 626 626 626 626 626 626 626 626 626 626 626 626 626 626 626 626 626 626
1619 3914 3386 1696 3378 4990 800 1567 800 3656 2353 541 3466 496 955 2817 3249 800 541 430
3279 3604 800 4293 100 1311 1499 2884 689 800 3774 2358 2864 3399 1522 4245 1322 320 3981 113
1595 2611 4351 2494 833 2830 3839 1433 3337 958 113 2720 3092 243 4426 430 4255 165 3337 746
3710 4569 113 459 800 821 2557 4252 165 1696 4818 100 2494 2911 4940 626 626 626 626 626
1619 3914 1644 463 1111 1286 3127 1968 2525 4524 2702 1696 1915 2336 4281 1063 3624 1846 2659 799
3466 626 626 626 626 626 626 626 626 626 626 626 626 626 626 626 626 626 626 626
1619 1593 626 626 626 626 626 626 626 626 626 626 626 626 626 626 626 626 626 626
1619 587 1960 4060 340 3949 1028 4632 2354 2339 626 626 626 626 626 626 626 626 626 626
1619 4531 1494 4956 1407 2974 1465 2356 2128 2332 2929 3281 2373 4195 800 3244 1619 1469 3466 821
1619 3914 4780 800 3466 626 626 626 626 626 626 626 626 626 626 626 626 626 626 626
1619 3914 2373 1195 4731 165 4946 2758 4515 800 4103 800 3193 2974 800 89 4097 1696 1499 1510
1619 3914 649 1633 100 4097 1286 4853 153 188 1935 3875 800 2711 4548 4824 1286 968 800 4209
3188 2817 3784 3165 4344 3628 866 2114 4151 2974 800 581 800 4531 3700 2667 2357 2701 4124 2127
1619 3914 3156 3555 2345 4795 3114 800 4788 2373 2533 3381 1820 4475 3045 3815 4817 2740 3789 4797
3466 626 626 626 626 626 626 626 626 626 626 626 626 626 626 626 626 626 626 626
1619 3914 4661 1293 3682 89 430 800 3682 1138 4570 1055 2373 2830 955 100 100 1628 2373 3854
1619 2582 626 626 626 626 626 626 626 626 626 626 626 626 626 626 626 626 626 626
3188 1696 3642 2841 3564 2817 2722 2711 169 821 165 4448 440 626 626 626 626 626 626 626
1619 3914 100 4459 172 955 100 3053 1628 2057 1628 169 3384 1660 62 3466 134 2162 2373 1969
1619 3914 2373 2841 626 626 626 626 626 626 626 626 626 626 626 626 626 626 626 626
626 626 626 626 626 626 626 626 626 626 626 626 626 626 626 2039 958 4632 420 2373
1619 3914 924 1981 1756 1201 182 3700 2393 1696 1286 3375 100 800 1623 1394 917 165 3653 3833
1628 2373 3020 1281 4913 1696 1178 100 3626 2167 4631 626 626 626 626 626 626 626 626 626
1619 4245 1215 237 800 3718 1977 2373 1174 389 1696 1155 766 2285 4296 151 800 3789 2817 3945
1619 3914 3130 2916 3466 4615 4990 800 102 3466 4612 1696 331 3466 315 626 626 626 626 626
3188 2188 4558 800 2525 2281 1155 847 626 626 626 626 626 626 626 626 626 626 626 626
4569 113 1628 4281 2401 513 626 626 626 626 626 626 626 626 626 626 626 626 626 626
1619 3914 100 3839 958 4632 626 4843 821 1453 4245 4690 4207 121 1100 3535 800 4230 1381 2872
1619 3914 3466 1452 2373 3705 169 43 626 626 626 626 626 626 626 626 626 626 626 626
1619 3914 4278 444 100 800 463 1846 3937 886 117 2897 528 1806 3787 2911 4245 2709 2044 3359
1619 3914 4310 641 515 2254 958 4632 626 626 626 626 626 626 626 626 626 626 626 626
2911 1696 3774 4795 381 800 4846 4242 2254 1147 4112 2974 800 4012 4689 306 800 2105 2436 800
4841 113 463 1286 329 430 800 3937 113 1628 800 1681 2001 2153 4281 430 800 4931 4485 401
1619 3914 3156 2008 4714 800 4802 1959 685 3332 4610 1103 3231 800 2382 32 2899 3614 1155 165
1619 3914 3386 100 1866 463 1892 643 3375 800 1173 2974 1132 541 430 430 800 2375 800 3828
2515 2249 2042 3769 2830 2817 411 463 1286 3550 3123 169 626 626 626 626 626 626 626 626
2911 4245 2397 626 626 626 626 626 626 626 626 626 626 626 626 626 626 626 626 626
4245 800 2342 4990 1453 100 4097 800 4622 4751 2767 3667 4426 4990 1286 1 3466 626 626 626
1619 3914 1527 2334 2817 3931 483 2654 4888 3466 2911 626 626 626 626 626 626 626 626 626
1619 3914 3491 2982 3049 1616 3466 2473 3048 60 382 2373 1123 3528 3756 4408 1522 1286 2401 2992
3466 4632 4097 2665 2711 4216 1895 1892 1286 2618 1286 3364 165 2183 510 3256 344 3466 4123 800
1619 1181 1921 2817 1600 626 626 626 626 626 626 626 626 626 626 626 626 626 626 626
2461 2171 626 626 626 626 626 626 626 626 626 626 626 626 626 626 626 626 626 626
1977 626 626 626 626 626 626 626 626 626 626 626 626 626 626 626 626 626 626 626
1619 3914 2373 872 2817 4868 800 3285 1628 1286 2500 1328 1716 800 649 2373 3996 626 626 626
1619 3914 3631 3525 4610 958 958 4632 2354 822 3092 1376 626 626 626 626 626 626 626 626
1619 3914 1441 868 1155 3801 1264 100 100 2817 1637 100 1605 4034 4981 165 2274 626 626 626
3466 626 626 626 626 626 626 626 626 626 626 626 626 626 626 626 626 626 626 626
1619 3914 4502 4742 2106 4255 626 626 626 626 626 626 626 626 626 626 626 626 626 626
1619 3914 3381 3053 1628 4947 430 2974 800 548 1075 2289 2817 2817 3872 800 3839 958 100 2373
