831 1104 3297 4050 940 1676 4557 3996 3296 4796 2375 1309 831 3456 270 2370 4755 4472 714 2400
2453 1292 588 3916 1347 2210 842 835 2636 2056 3396 2047 3421 3314 425 2131 973 2437 1319 3493
1049 568 4144 138 1442 3142 143 2900 1874 1884 2941 1310 3296 359 831 3626 1884 2623 396 3502
3024 2121 1119 2434 2121 1059 565 2400 4236 2032 3983 320 4072 3594 1682 4867 537 1203 143 4050
3418 4612 1887 4004 1752 2203 1833 824 2998 1118 1080 3653 3089 3441 1767 2700 2434 4867 2333 4945
3424 2584 1155 357 2835 4291 3626 1980 166 413 2292 4705 3001 3478 4827 3815 1980 1836 2354 2888
831 1988 2396 118 699 143 939 156 3740 4258 2632 376 359 4988 4408 831 2355 4415 785 1080
1273 1996 222 320 4672 2940 4771 3396 4536 2376 3073 2922 3075 2665 1054 4698 1522 94 1524 3670
1915 967 3984 2368 1889 3028 4389 503 3670 656 4391 4234 4988 4196 4446 2736 743 4927 3462 4988
831 3634 3980 3694 942 1869 4877 1434 4268 4764 831 145 3218 3930 4137 2583 3628 235 4813 4475
4562 3632 3215 413 2511 4505 504 123 926 2253 3646 1442 3930 1061 3297 3144 4598 2380 1588 1788
4321 2971 3688 1569 4725 4050 2033 4404 3002 4408 1124 4714 262 3398 4901 1597 4862 4218 4629 921
831 1800 3450 1649 4076 2752 2695 1880 48 3091 1910 1722 4051 498 3649 1515 4570 368 1724 4565
831 2668 4098 3801 4740 4621 4563 413 2181 171 2748 1889 864 4658 143 2387 2818 702 3869 4480
3852 1799 518 725 80 2765 2723 1049 491 4123 4258 2397 3825 1442 2203 2164 725 811 3075 2364
2005 1253 3297 3059 1762 1751 2948 3065 714 4907 2590 2874 1192 4187 677 4516 1877 567 633 1150
2434 14 4372 3937 1310 3028 118 4148 4548 535 2982 217 1889 4411 570 516 1201 3853 1654 3126
1438 3458 2906 1080 1337 4592 3367 1080 3694 3217 1884 535 3297 3688 565 2364 2623 2462 3507 4619
555 790 2203 2121 3238 708 135 839 4542 831 1501 3377 576 4602 4567 2820 4788 4588 1360 1269
3180 3001 1442 4475 813 2759 4262 1496 413 1203 2448 3222 2979 2916 1252 1654 1093 4671 2038 271
3148 1194 4098 4558 4895 2258 780 2590 4404 1129 4116 4787 3171 1887 1136 4447 1177 3297 842 4541
1536 3080 3845 209 3053 1324 1540 3650 413 4896 4292 1442 1649 1054 2739 2599 4534 1713 1049 3721
3955 3850 443 983 2375 3268 4608 1004 4158 2924 2979 689 2492 4966 3263 3566 1884 1136 2424 3842
3001 2062 3024 2626 3322 1662 2131 1218 792 3765 73 3433 1075 2381 1243 2769 1711 4929 312 4666
831 308 156 1959 1494 3846 983 1260 589 3711 3672 2759 4533 79 3334 2294 1807 72 4808 4855
3148 4037 364 2975 2246 1173 3539 1653 2676 3838 688 722 2935 896 640 2181 647 2810 975 2583
4269 2378 576 4876 2956 1331 3861 1042 1051 324 4424 2203 3366 1469 3137 714 209 4784 1381 711
744 1049 2979 3144 372 594 3980 815 949 4756 4264 3361 1938 880 4815 3764 2641 2450 4063 4012
138 4022 565 3508 1267 1296 1543 2867 3142 4312 1797 811 2964 120 429 848 4943 1688 1597 1705
831 4711 582 359 2610 70 3695 3712 4652 2744 2269 4537 1128 4876 1735 332 2998 4411 3044 312
4005 3905 716 2671 4549 3695 503 143 1811 4738 145 4225 27 1016 3001 2368 565 3582 497 2054
4252 3416 1799 4032 1867 575 1747 4410 1286 3001 1421 424 1293 3398 3444 2569 1519 4585 4295 2723
831 3173 2409 3949 3599 2390 3895 612 4472 2054 910 1110 2364 2299 301 2603 2916 1817 2338 2364
4625 3689 1931 815 1280 3930 3105 3669 1080 2270 413 3151 876 775 4424 4629 1916 3958 3010 543
4431 1332 2502 718 980 162 1767 1838 1309 1267 4626 1802 1129 4738 1080 3229 2830 554 4545 537
4145 1093 3483 4468 1274 3439 1643 2067 1931 3202 3930 1007 413 4169 4965 413 4287 4902 1061 4591
831 3412 3434 3843 3308 4802 187 1918 1670 2418 3984 1809 1337 401 2965 3582 3787 2564 4722 4739
4004 1446 824 2158 2402 4636 3191 4677 2868 855 4484 3625 2664 2751 1080 1080 1315 3594 312 3313
1762 151 3062 1555 2131 1296 4404 1681 682 1047 232 4201 3529 4424 1975 691 4032 2855 4756 1605
831 2934 312 1648 289 1641 4548 2476 2826 3589 4062 3199 1884 1373 555 2054 4520 2745 4265 4403
4421 3930 3183 3077 3601 570 3555 565 4080 3431 2792 2098 4773 2446 1020 1142 1059 489 2214 2938
685 3240 1648 2573 2697 4014 3367 2434 2402 3971 3456 710 2258 220 3686 1767 4535 4269 2418 2193
3502 4308 1454 138 1930 3590 714 1889 1066 4541 345 2636 2448 494 2834 1004 209 4726 4252 731
1035 3664 1080 213 3195 1173 3194 1809 1511 48 4750 1121 3057 4502 731 4276 3644 1809 3695 1740
776 744 601 271 3561 2702 2818 215 4502 2828 4424 3028 1458 2203 53 4738 2923 2909 3865 4545
2402 2848 2048 2222 3302 230 2610 3901 3150 3321 1312 4094 2352 2000 3540 2745 239 1324 4876 3455
811 2387 3686 3482 4050 3129 2164 4761 3297 425 4896 4063 755 2649 3680 3822 491 3936 2602 4744
831 4034 831 1204 3334 4387 4387 1661 1947 3670 4232 3672 1019 4119 1652 26 2507 3384 1772 228
1282 4755 516 4921 820 2874 432 1835 1108 2688 1337 2672 1809 1931 4876 2527 700 993 2418 1732
831 831 3424 3202 694 651 3980 1464 973 771 4501 3572 2465 831 4501 4200 2011 3173 4877 4668
555 3268 4347 1834 3297 3656 1515 4408 1491 2590 734 2396 4290 2578 439 983 4803 543 4966 535
4425 1347 1502 2418 4620 2919 2760 1164 1562 2034 571 1002 102 385 2119 4226 3893 491 413 4252
3001 1107 1136 2672 1269 164 3180 2789 4912 2356 4495 1201 2578 350 1117 1842 3623 713 413 3274
2919 1950 48 1937 565 2154 3230 548 3626 2111 2119 770 1649 4603 3208 4201 1220 491 2158 70
831 2137 2198 3469 3396 4780 414 1267 3600 2247 4848 899 4890 413 3469 491 3922 3218 831 1220
3066 4290 3865 2054 4673 2985 4327 386 3396 3081 43 3882 1816 1252 2374 4876 4160 2422 2502 535
831 151 1040 3073 624 3765 3024 1214 3377 3790 1788 2123 3670 1119 3102 547 831 3589 208 3942
2760 1099 145 1308 3412 4372 535 244 2538 3222 1804 4876 1371 712 552 3765 1583 811 816 2363
4582 4419 1781 1879 1880 4624 322 2392 535 555 3898 3735 73 1721 1983 3638 2722 771 1214 2727
1439 4043 3815 1889 120 3454 4876 4080 105 1298 489 1711 2120 145 143 2054 1660 1309 4572 949
4742 4603 673 3759 3386 2720 305 3153 1438 555 4087 4513 2642 4080 1009 1574 4929 48 1782 4828
3607 3341 4638 354 1804 3373 2727 4311 1019 3822 1569 211 3712 3593 2502 1347 3014 4383 2418 1183
3015 4979 2203 831 4464 3652 3252 1269 2871 2895 4980 4401 3828 3910 2676 1720 2375 1786 1826 584
4004 2607 4857 1652 2446 99 3676 2599 2453 1150 4646 1807 4892 4752 1524 1532 2723 4012 2578 3059
