831 812 831 831 831 4279 498 2109 1080 1080 1080 1080 1080 1080 1080 1080 1080 1080 1080 1080
831 831 831 831 701 2364 2694 632 4063 535 3297 831 831 831 831 831 831 831 831 831
831 4254 4475 3459 2744 2275 3421 242 453 3297 2755 831 4063 165 4163 1637 2899 2978 1269 1781
831 2845 1445 599 3297 2244 1080 1080 1080 1080 1080 1080 1080 1080 1080 1080 1080 1080 1080 1080
831 831 1826 2364 3028 2434 831 831 831 831 831 831 831 831 831 831 831 831 831 831
831 209 3542 2460 4196 1080 1080 1080 1080 1080 1080 1080 1080 1080 1080 1080 1080 1080 1080 1080
831 831 831 520 1093 3502 476 1413 3980 583 1080 1080 1080 1080 1080 1080 1080 1080 1080 1080
831 831 3655 910 4850 2244 2135 499 1069 2818 1080 1080 1080 1080 1080 1080 1080 1080 1080 1080
831 831 2185 2279 433 982 3972 3919 1488 2517 3746 3419 1089 1822 4869 1080 1080 1080 1080 1080
831 831 831 831 831 831 855 831 831 831 961 289 2844 4112 2364 1975 3034 2364 352 2756
831 831 385 3982 1706 708 4183 2873 4671 3611 3655 3664 4169 3131 2364 2572 1019 831 2921 1080
831 3366 1554 3066 1347 1084 3735 837 831 831 831 831 831 831 831 831 831 831 831 831
831 831 831 831 831 211 516 831 3398 831 831 831 831 831 831 831 48 2494 2412 1252
831 831 831 3366 3524 1084 327 3297 1434 1286 3240 4902 127 1034 2364 3312 686 3015 1080 1080
831 831 831 831 599 1958 493 1049 491 3930 4372 1080 1080 1080 1080 1080 1080 1080 1080 1080
831 4602 4095 3297 1080 1080 1080 1080 1080 1080 1080 1080 1080 1080 1080 1080 1080 1080 1080 1080
831 831 831 831 831 831 831 831 831 831 831 831 831 1080 1080 1080 1080 1080 1080 1080
831 831 831 831 831 2866 3057 1080 1080 1080 1080 1080 1080 1080 1080 1080 1080 1080 1080 1080
831 831 831 831 831 582 4037 4031 1296 413 3297 2759 789 1080 1080 1080 1080 1080 1080 1080
831 62 4236 2784 3990 2054 3297 3064 831 831 831 831 831 831 831 831 831 831 831 831
831 831 831 831 831 831 831 4254 1855 1266 831 1772 3811 831 831 831 831 831 831 831
831 831 831 831 831 831 831 831 831 831 831 831 831 1816 3297 565 2919 345 3634 1871
831 2185 599 3153 2364 831 831 831 831 599 2207 1080 4577 4258 1460 4710 831 831 372 120
831 831 831 134 831 445 2131 3584 1296 1080 1080 1080 1080 1080 1080 1080 1080 1080 1080 1080
831 2418 1732 1080 1080 1080 1080 1080 1080 1080 1080 1080 1080 1080 1080 1080 1080 1080 1080 1080
831 831 831 831 831 831 4279 156 588 1080 1080 1080 1080 1080 1080 1080 1080 1080 1080 1080
831 831 831 831 831 1835 4912 1515 4050 141 2578 1771 1834 831 831 831 831 831 831 831
831 831 4414 4128 810 1243 2324 696 1300 70 4843 3297 838 491 535 3589 2454 2915 4098 831
831 831 831 402 1445 2418 1732 3433 1324 2500 2745 1962 27 1421 831 831 831 831 1872 2734
831 2164 1505 831 831 831 831 831 831 831 831 831 831 831 831 831 831 4251 2418 1732
831 831 831 831 151 831 831 831 590 831 831 831 831 831 831 831 831 831 831 831
831 831 831 831 831 831 831 831 831 831 3064 491 771 3811 831 3822 831 831 831 831
831 831 4735 4780 831 831 2350 1269 3124 2054 3912 256 3202 2393 831 3644 4036 1080 1080 1080
831 831 3652 831 831 831 2413 1089 29 1080 1080 1080 1080 1080 1080 1080 1080 1080 1080 1080
831 2741 1669 2224 831 831 831 831 831 831 831 831 831 831 831 831 831 831 831 831
831 3649 831 831 831 831 831 831 831 831 831 831 831 2210 3330 3195 253 1749 3839 494
831 831 831 831 831 831 831 831 320 3225 2446 338 4254 2922 1316 4828 714 2184 3282 2418
831 2545 1080 1080 1080 1080 1080 1080 1080 1080 1080 1080 1080 1080 1080 1080 1080 1889 1072 4498
831 831 3693 831 831 831 831 831 831 831 831 831 811 1438 2244 3770 2364 831 831 831
831 548 4063 3930 1958 1080 1080 1080 1080 1080 1080 1080 1080 1080 1080 1080 1080 1080 1080 1080
831 831 831 831 4384 3644 70 860 831 831 831 831 831 3064 203 3020 1325 4943 1080 1080
831 831 831 4254 2082 1652 2244 3249 4635 1740 2054 2054 3787 4381 1080 1080 1080 1080 1080 1080
831 831 831 831 831 831 831 1550 1921 831 1243 831 831 831 831 831 831 831 831 831
831 831 3218 831 831 831 4720 3669 535 3297 2916 1344 1080 1080 1080 1080 1080 1080 1080 1080
831 831 831 70 3695 864 336 4738 4383 1080 1080 1080 1080 1080 1080 1080 1080 1080 1080 1080
831 831 831 831 3730 535 831 831 831 4422 4050 3049 3787 4876 633 2948 70 3882 3930 3297
831 831 831 831 70 1015 1080 1080 1080 1080 1080 1080 1080 1080 1080 1080 1080 1080 1080 1080
831 831 4254 2417 4298 64 831 831 831 831 831 831 831 831 3302 3536 1193 3895 1080 1080
831 831 2185 599 3695 2723 831 3634 2204 831 831 831 831 831 831 831 831 831 831 831
831 1164 3370 836 3223 2364 831 831 831 831 831 831 831 831 831 831 831 831 831 2185
831 831 831 831 4529 1752 4598 2732 4664 4579 138 543 535 3297 4273 1732 3433 831 831 831
831 831 1732 1080 1080 1080 1080 1080 1080 1080 1080 1080 1080 1080 1080 1080 1080 1080 1080 1080
831 831 831 831 831 831 831 831 831 831 831 831 831 831 31 831 446 3094 2501 3297
831 831 831 831 831 831 2185 4706 831 831 831 831 831 831 831 831 831 831 831 831
831 3545 831 831 831 831 831 831 831 1080 4428 2143 4876 2542 4389 3930 2788 3420 1823 3297
831 831 831 91 4037 4290 2202 4063 4468 831 831 831 831 831 831 831 831 831 831 1030
831 831 831 831 831 831 4254 413 3297 3218 3930 535 3297 143 1434 3069 491 1667 2063 413
831 4854 831 831 831 831 831 831 831 831 1044 1080 1080 1080 1080 1080 1080 1080 1080 1080
831 831 831 831 831 831 831 3811 831 831 831 831 831 831 831 831 831 831 831 4468
831 831 4316 831 831 831 831 831 831 831 831 831 831 831 831 831 831 831 831 831
831 831 831 831 831 831 3634 1080 1080 1080 1080 1080 1080 1080 1080 1080 1080 1080 1080 1080
831 831 831 831 831 3602 3571 4257 4869 831 70 3930 369 4987 1075 1465 70 556 413 952
831 831 831 831 831 831 831 317 1118 1309 3429 535 3297 831 831 831 831 1080 1080 1080
831 831 831 831 831 831 1267 2418 2418 1732 3193 1438 4594 1947 3930 545 1807 413 1855 2593
