1619 3914 2373 3385 800 1396 2711 3467 1286 3983 800 1469 100 800 463 1286 1370 2067 1696 2640
1619 3914 3133 435 1286 1231 1286 306 800 541 800 962 3998 626 626 626 626 626 626 626
1619 3914 3156 4838 626 626 626 626 626 626 626 626 626 626 626 626 626 626 626 626
1619 3914 2373 3014 2373 2830 2817 4990 800 2334 2817 430 800 2022 3880 4931 113 3945 4426 3312
1619 3914 100 100 1696 821 3139 626 626 626 626 626 626 626 626 626 626 626 626 626
1619 3914 3133 100 100 1696 4917 165 1696 100 800 1286 100 800 3980 800 3530 165 169 1490
1619 3914 463 800 3281 2373 2830 4990 4990 800 1286 1696 4028 821 626 626 626 626 626 626
1619 3914 3156 100 1628 2373 171 800 379 2078 165 147 3983 100 3127 100 800 3306 463 1286
1619 3914 3135 100 1628 3466 800 4830 3847 2142 626 626 626 626 626 626 626 626 626 626
1619 3914 2373 1388 100 100 3053 1628 2373 2974 800 3870 1696 21 4990 800 541 800 4389 626
1619 3914 3156 800 1005 113 113 1628 800 3395 800 590 800 4779 100 3290 626 626 626 626
1619 3914 3156 100 4332 3682 1058 165 2183 2004 2373 165 2393 165 1846 3156 100 2609 121 1647
1619 3914 2373 1080 2646 2590 800 223 2078 165 1696 1286 1245 1286 626 626 626 626 626 626
1619 3914 2373 1388 2558 800 3648 100 1628 2373 100 2830 2817 4990 800 1286 100 800 100 845
1619 3914 2373 3014 2373 2585 100 121 4968 165 1628 680 4795 3685 626 626 626 626 626 626
1619 3914 2373 3014 2373 2830 2078 113 1628 4255 100 800 821 3258 165 1616 2083 1804 3127 4923
1619 3914 2373 3793 3109 100 800 3396 100 2830 3466 821 165 100 800 2911 958 4632 2354 165
1619 3914 100 100 1696 2656 100 821 3139 4231 100 1311 1696 2178 1466 2711 2974 800 379 100
1619 3914 3156 100 3346 1846 1172 4475 463 1846 3280 1628 800 3682 1819 800 4138 4838 626 626
1619 3914 4245 200 800 955 4160 1696 797 626 626 626 626 626 626 626 626 626 626 626
1619 3914 3156 100 4477 21 4990 800 1279 821 626 626 626 626 626 626 626 626 626 626
1619 3914 2974 800 4691 626 626 626 626 626 626 626 626 626 626 626 626 626 626 626
1619 3914 2373 2830 2817 4990 1610 806 1669 1466 2373 3984 165 3682 1846 4531 4036 4995 2817 4990
1619 3914 4036 4369 100 2929 821 165 4580 2373 165 939 1628 1286 1729 165 2657 255 3378 1286
1619 3914 3156 100 3466 626 626 626 626 626 626 626 626 626 626 626 626 626 626 626
1619 3914 3156 100 2817 463 1286 4142 3466 3821 816 3127 4475 1628 800 3387 821 165 520 626
1619 3914 4026 3466 626 626 626 626 626 626 626 626 626 626 626 626 626 626 626 626
1619 3914 2373 1751 1255 626 626 626 626 626 626 626 626 626 626 626 626 626 626 626
1619 3914 2373 4451 4255 3608 100 800 1960 800 463 1286 821 165 113 4320 3789 3350 2304 1286
1619 3914 987 2373 2719 113 1628 800 2979 430 800 2709 263 800 922 2519 165 204 4401 2711
3466 626 626 626 626 626 626 626 626 626 626 626 626 626 626 626 626 626 626 626
1619 3914 3156 100 2001 4347 626 626 626 626 626 626 626 626 626 626 626 626 626 626
1619 3914 2140 4291 100 2373 4979 165 4555 2817 4990 1628 1286 2163 626 626 626 626 626 626
1619 3914 3156 100 100 1696 3054 2373 2830 2817 4990 800 3642 800 550 2373 430 165 332 1628
543 800 1286 1453 100 821 2830 821 3571 2587 113 626 626 626 626 626 626 626 626 626
1619 3914 2373 1421 958 626 626 626 626 626 626 626 626 626 626 626 626 626 626 626
1619 3914 3156 100 100 1696 3654 1610 4066 165 4946 1846 4631 477 1565 113 1628 4252 165 1846
1619 3914 3156 100 100 1696 100 821 2094 3945 2128 4881 153 2817 4990 800 4572 3636 626 626
1619 3914 3156 100 3842 800 3170 2918 4123 1696 3789 100 1628 800 4182 1628 800 463 1286 2094
1619 3914 3156 100 511 1474 1628 800 3123 626 626 626 626 626 626 626 626 626 626 626
1619 3914 4047 626 626 626 626 626 626 626 626 626 626 626 626 626 626 626 626 626
1619 3914 955 100 100 1696 269 2492 626 626 626 626 626 626 626 626 626 626 626 626
1619 3914 3156 100 3803 758 1081 1696 537 165 736 165 4946 1691 165 1846 2373 2807 2078 4475
1619 3914 3789 821 3858 4726 626 626 626 626 626 626 626 626 626 626 626 626 626 626
1619 3914 2373 585 3466 3466 1696 4245 3466 4122 626 626 626 626 626 626 626 626 626 626
3466 626 626 626 626 626 626 626 626 626 626 626 626 626 626 626 626 626 626 626
1619 3914 3156 100 4795 2373 4320 800 3307 113 1628 800 3600 1628 4252 165 4946 4426 530 626
1619 3914 2373 3429 3466 626 626 626 626 626 626 626 626 626 626 626 626 626 626 626
1619 3914 3156 100 117 4292 1070 2222 800 740 1286 3241 800 1286 1628 1286 642 800 888 3606
1619 3914 3156 100 4465 1396 389 1637 100 821 3984 165 4990 1286 1639 4843 2702 1696 2441 4990
1619 3914 3130 2817 1637 100 800 800 1286 100 100 1696 4027 3723 1286 1367 2817 4990 1453 100
1619 3914 3156 100 2868 955 100 100 2711 1884 2373 2143 800 557 33 800 4043 800 100 800
1619 3914 1607 800 800 1283 1278 2078 4475 3053 1628 626 626 626 626 626 626 626 626 626
1619 3914 800 663 800 626 626 626 626 626 626 626 626 626 626 626 626 626 626 626
1619 3914 2373 3014 2373 2598 3110 3769 2592 626 626 626 626 626 626 626 626 626 626 626
1619 3914 2373 3874 800 463 1286 3812 113 1286 3425 2920 2373 2830 1637 388 2817 4990 800 541
1619 3914 2373 3014 2373 2830 2817 4990 800 438 2457 113 2941 4957 2373 2830 800 3586 756 379
1619 3914 3156 100 2711 4232 3466 1453 100 800 1286 2741 2817 2646 2817 800 3667 2817 2967 334
1619 3914 4462 1427 113 1286 2373 1832 821 4505 800 1164 2817 4990 800 1225 113 1628 626 626
1619 3914 3156 2817 800 1286 626 626 626 626 626 626 626 626 626 626 626 626 626 626
1619 3914 2373 3014 2373 2373 626 626 626 626 626 626 626 626 626 626 626 626 626 626
1619 3914 3156 100 2807 821 821 165 100 2373 2830 3466 2142 626 626 626 626 626 626 626
1619 3914 915 2817 4990 800 4968 1628 800 4559 2992 800 3488 3466 626 626 626 626 626 626
1619 3914 3156 463 1286 1716 1696 3688 3855 800 2631 800 2754 4990 626 626 626 626 626 626
