4835 4632 3275 3538 450 3872 377 3951 4195 1043 236 723 484 703 4454 1629 4230 4175 3466 879
2911 992 2034 1721 113 4120 17 3677 4573 39 2841 513 3710 3757 4787 2639 2987 4372 918 834
2286 2097 4505 4216 2327 3738 2807 3277 3421 28 3700 3690 4050 204 2159 2991 330 2623 3330 2025
4228 140 1053 2711 1736 866 1173 293 2373 4244 217 1906 2536 4504 81 3694 4255 2982 4359 2538
3059 1616 64 2627 437 4252 3534 2130 2301 3724 1797 410 3479 411 2146 339 2533 1757 1037 2433
4403 26 2789 2001 2436 498 1286 1993 3608 821 2075 1453 2258 1637 2913 108 4428 3898 821 1908
4765 2043 393 1573 1917 487 3863 2449 1739 2971 4353 1232 2457 1519 3127 823 1173 1447 2628 2974
4978 4216 2778 2354 2841 3883 3139 3388 4353 1286 45 626 3869 670 392 1873 4752 352 3864 2876
2308 924 831 2060 2748 2693 3522 746 541 805 197 1394 2699 2322 2605 4659 503 3344 4795 4752
3664 886 2609 1324 1868 2587 4594 1070 3610 4451 4468 3711 1891 58 121 3321 26 1107 2775 1364
4153 191 1832 4015 4520 4186 88 2258 1455 1526 2228 2373 2830 1280 144 2830 2817 2133 3965 2491
3007 3549 495 1654 188 169 4015 744 2974 2426 4795 4873 2395 3681 1812 3721 4573 548 1726 2274
2646 499 2096 1813 4521 964 4892 1605 3550 3448 2214 4644 522 2611 1303 837 1320 204 303 4780
1559 3844 63 401 3132 1342 3039 2499 4142 1829 1123 1280 966 1331 660 3414 4898 4366 32 735
947 4882 1613 1715 4285 3305 2051 816 4295 956 2447 4956 3507 2859 3947 73 260 1792 1739 4
1829 1123 1429 3945 1055 34 1919 746 4401 746 658 4266 4632 121 4266 4630 4153 463 1000 2078
3466 1746 88 4826 3640 4195 1467 915 2987 364 3241 1616 3002 543 4843 1446 1917 1017 645 428
3710 3212 4245 2645 4525 741 4368 3968 4795 3071 4426 102 3260 494 1254 3196 613 4305 354 329
3918 4255 2754 4542 1296 4995 4039 534 4995 884 899 4597 1892 3342 1855 350 3983 2314 1859 1392
2911 2034 43 4774 1954 752 3466 400 4780 3898 3869 1281 4019 2249 3024 2815 2051 4795 4632 2957
2982 2436 3507 2257 1590 3071 4097 2058 2830 541 2758 2247 2010 1637 3324 2069 4962 2872 1669 1488
1032 4578 3090 3002 463 3175 4694 870 2839 2477 2456 288 2675 2724 712 4126 4400 2836 596 3563
205 2456 4707 4166 144 722 4856 4648 2342 2445 4337 1792 2857 2258 447 2568 2456 3029 261 3904
3606 62 522 3707 3677 2373 3029 404 2702 3127 1673 4222 1155 1846 296 2289 2817 92 370 774
1619 2975 4563 4575 3110 1106 3068 4797 4752 1312 2624 140 1878 113 1280 2662 1119 113 4398 2764
1619 2817 288 4743 209 2915 2279 4795 2510 609 956 3736 3486 3602 672 4612 2373 3894 3680 1096
1972 3265 394 4026 3466 3220 2268 4653 1920 2628 4968 4019 800 3696 3528 3951 4448 3681 4019 4012
947 1829 1215 955 4968 3736 807 1829 1337 2711 3254 3072 4301 3475 3810 4245 1613 193 3433 2034
1839 417 790 3288 1402 2561 1129 704 1993 1030 1621 1669 4947 4020 2754 2766 3645 4962 3491 415
2093 690 2925 3009 511 238 463 3028 924 1096 2010 1647 3791 4477 3288 821 3540 982 1975 2004
3960 4167 2514 4577 1655 886 1883 4546 2726 928 937 2253 3863 1967 690 900 3597 4799 4205 4573
870 2864 4711 1331 4573 751 740 2967 3201 4533 4691 4597 4252 4604 1175 2809 2758 1964 191 579
4153 955 1280 626 2565 626 626 626 626 4362 1829 4830 4476 3443 416 934 3832 2027 4826 1746
1037 3020 1489 1155 3811 189 3526 3880 121 3190 1472 4301 2487 3597 3363 1892 1121 3656 346 4601
2307 4373 2766 541 111 4428 2653 165 4946 218 799 4428 1263 828 939 3364 2345 3705 169 766
2022 4670 884 2514 1805 1743 4266 1739 3535 2758 1160 3523 1155 2350 4521 3476 395 3303 4216 1878
1746 3087 4426 2354 2606 4426 1633 2253 3460 1311 746 169 4529 800 3526 2871 1012 4245 2075 100
1074 2943 1787 1344 379 4597 503 2811 494 493 3813 2702 2609 3538 4991 1331 4937 2064 939 2527
1619 3914 2301 4653 2247 1328 751 121 4244 4475 4460 1959 1480 2051 327 998 1294 3123 1128 3076
3348 756 288 3521 2911 2088 4195 3892 951 800 3974 3272 2917 939 1455 1402 2152 4216 1340 672
2917 1912 113 2378 2152 848 1621 1027 1278 100 4850 718 4307 4781 159 3362 2301 800 3236 4460
4569 113 4926 2094 4299 2859 360 853 3181 3707 2896 2815 1789 167 4826 3898 821 3236 822 821
113 4347 504 931 1628 3262 1494 4669 3945 2763 2580 1044 52 626 1829 3120 4002 1565 3713 3053
1760 1596 3110 3253 3284 2982 545 100 1555 388 2199 4611 1394 224 100 4742 165 59 3606 2527
4968 3883 1859 99 135 3127 4216 3303 3337 332 716 3292 4250 3053 4364 1619 1859 1632 4392 4470
1220 3127 4383 1977 3945 2426 4801 2926 2373 2586 463 3 324 4475 4479 2754 1746 1359 738 2872
2522 1594 2745 538 987 2402 698 4026 3115 473 1440 2704 3565 2824 2282 3877 4631 4844 954 1264
2982 4396 2925 626 1873 3767 4244 1628 1037 465 2859 3700 3814 1416 4272 2974 800 3486 3126 956
1916 1574 4372 2913 1256 1869 4913 63 2436 1960 963 1996 952 4844 821 2982 1376 4019 3067 4122
4204 4546 1837 1607 2128 3021 2067 3543 985 113 4296 2817 4033 4231 3530 591 3115 1829 623 4375
3941 3410 3802 1989 4298 1115 2817 10 3916 1469 3342 2942 1286 237 4393 1281 626 2616 626 4597
870 3221 520 3681 4653 3825 3222 2442 4240 3467 4015 3392 403 4372 3691 2111 4990 4542 433 1016
3418 2254 3920 2841 4253 1874 2105 1846 4252 1440 3127 4316 3256 3205 2373 752 690 560 4990 4309
4919 3681 3375 3521 3705 842 1972 1117 1480 934 987 3115 1892 4627 3381 3913 886 647 626 626
1619 4506 2178 3825 100 2441 3565 4052 329 4662 970 1220 3124 4372 2754 2144 2797 4465 2555 1928
4204 1101 1829 1340 3555 3465 2763 746 4675 484 2004 4795 2976 2461 2247 2656 1641 1565 3986 1696
3675 1619 1260 1905 1585 4558 2242 1886 3421 1455 4402 1137 1114 2455 1093 315 3740 2974 915 484
2515 454 2619 4281 2368 2269 816 2395 51 1233 113 3565 2824 2797 626 2406 626 4636 4216 3222
870 605 1972 3256 1330 2754 1601 4353 1696 1838 3700 831 3466 465 1054 4194 2815 2843 4090 1421
3130 1155 4824 1155 823 3426 1980 2088 2352 2974 4764 4626 939 4707 1993 1993 2702 2092 4841 4912
1644 3970 2406 3143 1257 223 3951 2338 2780 647 522 4653 1913 173 4035 4780 4644 1471 3057 4276
239 1541 4383 1589 4296 1107 4238 4931 3071 1642 1416 2395 1342 100 1457 2034 2854 1370 59 440
263 2939 3406 2436 2881 4597 3189 4140 1278 4632 822 3880 3626 3157 2836 1269 3791 1762 2661 3027
1394 2139 605 3715 3332 939 3680 3489 2841 3499 3808 191 748 3211 212 2127 2228 3528 1723 169
