1619 3914 2373 3014 2373 2830 2817 4990 800 463 1286 800 800 1286 100 800 463 1286 800 1286
1619 3914 2373 3014 2373 2830 100 2817 4990 800 1286 100 800 463 1286 100 800 1286 100 800
1619 3914 2373 3014 2373 2830 2817 4990 800 800 2817 4990 1286 800 3675 1846 2078 165 4946 1846
1619 3914 2373 100 800 800 1286 100 800 800 463 1286 1286 100 800 3700 800 463 1286 100
1619 3914 2373 3014 2373 2830 2817 4990 800 1286 100 800 463 1286 93 800 1286 100 800 3682
1619 3914 2373 260 2373 2830 2817 4990 800 463 1286 800 1286 100 800 1286 100 800 1286 100
1619 3914 2373 1388 1 800 800 1286 100 800 1286 100 800 1910 800 4383 626 626 626 626
1619 3914 2373 3014 2373 4097 800 100 800 463 1286 2817 4990 800 1286 100 800 800 3682 165
1619 3914 2373 1289 800 100 800 1286 100 800 800 1286 100 800 1286 100 800 1286 100 800
1619 3914 2373 3014 2373 2830 2817 4990 800 1286 100 800 2817 800 1286 100 800 800 1286 100
1619 3914 2373 1388 1260 2762 2373 165 4946 1846 2373 2830 100 2817 4990 800 3692 1286 100 800
1619 3914 2373 3014 2373 2830 2817 4990 800 4383 800 3461 626 626 626 626 626 626 626 626
1619 3914 2373 3014 2373 2830 2817 800 800 3466 626 626 626 626 626 626 626 626 626 626
1619 3914 2373 3014 2373 2830 2817 4990 800 100 800 1286 100 800 1286 100 800 1286 100 800
1619 3914 2373 1862 800 3682 165 4946 1846 2373 165 4946 1846 2373 1846 2373 165 4946 1846 2373
1619 3914 3156 100 800 800 3682 376 165 4946 1846 2373 165 4946 1846 1846 2373 2830 2817 4990
1619 3914 2373 75 165 1846 2373 4946 1373 1286 100 800 3682 165 4946 1846 2373 165 4946 1846
1619 3914 2373 3014 2373 2830 2817 4990 800 463 1286 100 800 1286 100 800 1286 100 800 4144
1619 3914 2373 3014 2373 2830 2817 4990 800 2830 800 1645 2817 4990 800 1039 800 1286 100 800
1619 3914 2373 1388 2558 800 100 800 1286 100 800 1286 100 800 1286 100 800 2373 2830 2817
1619 3914 2373 3014 2373 2830 2817 4990 800 3432 800 3211 100 100 800 1846 100 100 800 1286
1619 3914 2373 3014 2373 2830 2817 4990 800 3828 800 800 100 800 1286 100 800 1286 100 800
1619 3914 2373 1388 2558 800 800 1286 100 800 1286 100 800 1286 100 800 800 100 100 800
1619 3914 2373 3014 2373 2830 2817 4990 800 1286 100 800 1286 100 800 1286 100 800 1286 100
1619 3914 2373 3014 2373 2830 2817 4990 800 1286 100 800 463 1286 100 800 1286 100 800 1286
1619 3914 2373 497 800 800 1286 100 800 1286 100 800 800 3682 165 165 4946 1846 2373 165
1619 3914 2373 3014 2373 2830 2817 4990 800 800 1286 100 100 800 2859 3682 165 4946 1846 2373
1619 3914 2373 1251 100 100 100 800 800 1286 100 800 1286 100 800 1286 100 800 1286 100
1619 3914 2373 3014 2373 2830 2817 4990 800 3432 800 2071 3734 100 100 800 100 800 3466 626
1619 3914 2373 3014 2373 2830 2817 4990 800 1286 100 800 1286 100 800 1286 100 800 219 1286
1619 3914 2373 3014 2373 2830 2817 4990 800 800 3065 2817 4990 800 1804 800 1173 800 1286 100
1619 3914 2373 3014 2373 2830 2817 4990 800 1058 4990 800 2011 800 800 800 1286 100 800 1286
1619 3914 2373 3014 2373 2830 100 2817 4990 800 800 1286 100 800 800 1286 100 800 1286 100
1619 3914 2373 3014 2373 2830 2817 4990 800 800 1286 100 800 1286 100 800 800 1286 100 800
1619 3914 2373 3014 2373 2830 2817 800 2992 800 21 4990 800 4240 800 1286 100 800 1286 100
1619 3914 2373 3014 2373 2830 2817 4990 800 3918 800 800 1286 100 800 1286 100 800 1286 100
1619 3914 2373 1388 845 800 3272 100 800 1286 100 100 800 3682 165 4946 1846 1846 2373 165
1619 3914 2373 3014 2373 2830 2817 4990 800 4383 1286 1325 165 4946 1846 2373 165 4946 1846 4252
1619 3914 2373 3014 2373 2830 2817 4990 800 4383 1286 800 800 800 3682 165 4946 165 4946 1846
1619 3914 2373 2830 2817 4990 800 1286 100 800 1286 100 800 1286 100 800 3005 800 463 1286
1619 3914 3156 100 800 1286 100 800 1212 626 626 626 626 626 626 626 626 626 626 626
1619 3914 2373 3014 2373 3685 626 626 626 626 626 626 626 626 626 626 626 626 626 626
1619 3914 2373 3014 2373 3298 165 4946 1846 2373 2373 165 1846 1358 2711 165 1846 2373 165 4946
1619 3914 2373 3014 2373 2830 2817 4990 800 463 1286 800 1286 100 800 3682 165 4946 1846 2519
1619 3914 2373 3613 800 100 100 800 463 1286 2114 100 800 1286 100 800 800 1286 100 800
1619 3914 2373 3014 2373 2830 100 2817 4990 800 4426 800 2830 2817 4990 800 1286 100 800 463
1619 3914 2373 3014 2373 2830 2817 4990 800 1907 800 3555 165 800 1286 2373 4383 165 4946 1846
1619 3914 2373 3014 2373 2830 2817 4990 800 1286 100 800 1286 100 800 1286 100 800 1286 100
1619 3914 2373 3014 2373 2830 2817 4990 800 1286 100 800 4646 800 463 1286 1286 100 800 463
1619 3914 2373 1388 285 626 626 626 626 626 626 626 626 626 626 626 626 626 626 626
1619 3914 2373 3014 2373 2830 2817 4990 800 100 800 1286 100 800 1286 100 800 4383 626 626
1619 3914 2373 3014 2373 2373 2830 2817 4990 800 3828 800 905 619 165 165 4946 1846 1846 2373
1619 3914 2373 2830 2817 4990 800 800 1286 100 800 1286 100 800 1286 100 800 1286 100 800
1619 3914 2373 3014 2373 2830 2817 4990 800 3065 800 800 1286 100 800 1286 100 800 1286 100
1619 3914 2373 3014 2373 2830 2817 4990 800 1286 100 800 4383 1286 435 1696 800 1286 100 800
1619 3914 2373 1388 4925 3405 800 800 436 2592 165 100 800 1286 100 800 1286 100 800 2070
1619 3914 2373 3014 2373 3875 800 100 800 463 1286 4783 800 4383 1286 1286 100 800 1286 100
1619 3914 2373 3014 2373 2830 2078 165 1846 455 100 800 113 800 463 1286 100 800 1286 100
1619 3914 2373 2830 2817 4990 800 4288 800 1286 800 463 1286 2711 2830 2817 4990 800 1286 100
1619 3914 2373 3014 2373 2830 2817 4990 1286 3963 800 800 463 1286 100 800 1286 100 800 1286
1619 3914 2373 3014 2373 2830 2817 4990 800 2014 800 109 1846 2373 165 4946 1846 3156 800 1286
1619 3914 2373 3014 2373 2830 2817 4990 800 800 463 1286 100 800 1286 2373 1286 4946 100 2373
1619 3914 2373 3014 2373 2830 2817 4990 800 4383 626 626 626 626 626 626 626 626 626 626
1619 3914 2373 3014 800 896 626 626 626 626 626 626 626 626 626 626 626 626 626 626
