831 831 831 831 831 831 831 831 831 831 831 831 831 831 4252 831 1202 281 2029 831
831 831 831 831 831 831 831 831 831 831 831 317 2982 2665 2434 831 831 831 831 831
831 831 831 831 831 831 831 831 831 831 831 831 831 831 831 831 831 831 831 831
831 4225 669 1080 1080 1080 1080 1080 1080 1080 1080 1080 1080 1080 1080 1080 1080 1080 1080 1080
831 831 831 831 831 831 831 831 831 831 831 831 831 831 831 831 831 831 831 3378
831 831 831 831 831 831 2845 3866 831 831 831 4254 491 413 1868 2364 1309 2980 2418 1080
831 831 831 831 831 831 831 831 831 831 831 831 831 831 831 831 831 831 831 831
831 2980 3653 1649 1080 1080 1080 1080 1080 1080 1080 1080 1080 1080 1080 1080 1080 1080 1080 1080
831 831 831 831 831 831 831 831 831 831 831 831 831 831 831 831 831 831 4750 3297
831 831 831 831 831 831 831 831 831 831 831 831 831 831 831 831 831 831 831 831
831 831 831 831 831 831 831 831 831 831 831 831 831 831 831 831 831 831 831 831
831 831 831 831 831 831 831 831 831 831 831 831 831 831 831 831 831 831 831 831
831 831 831 831 831 831 831 831 831 3926 112 831 831 831 831 831 831 831 831 831
831 831 831 831 831 1104 2996 1080 1080 1080 1080 1080 1080 1080 1080 1080 1080 1080 1080 1080
831 831 831 831 831 831 831 831 831 831 831 831 831 831 831 831 831 831 831 831
831 831 831 831 831 831 831 831 831 831 831 831 831 831 831 831 831 831 831 831
831 831 831 831 831 831 831 831 831 831 831 831 831 831 831 831 831 831 831 831
831 831 831 831 831 831 831 831 831 831 831 831 831 831 831 831 831 831 831 831
831 831 831 831 831 831 831 831 831 831 831 831 831 831 831 831 831 831 831 831
831 831 831 831 831 831 831 831 831 831 831 831 831 831 831 831 831 831 831 831
831 831 831 831 831 831 831 831 831 831 831 831 831 831 831 831 831 831 831 831
831 831 831 831 831 831 831 831 831 831 493 2714 831 831 831 831 831 831 2545 2418
831 831 70 413 3297 831 2158 1617 1080 1080 1080 1080 1080 1080 1080 1080 1080 1080 1080 1080
831 831 831 1104 1787 3594 156 2740 2520 3665 2861 1019 1080 1080 1080 1080 1080 1080 1080 1080
831 831 831 831 831 831 831 831 831 831 831 831 831 831 831 831 831 831 831 831
831 831 831 831 831 831 831 831 831 831 831 831 831 831 831 831 831 831 831 831
831 831 831 831 831 831 831 831 831 831 831 831 831 831 831 831 831 831 831 831
831 831 831 831 831 831 831 831 831 831 831 831 831 831 831 831 831 831 831 831
831 831 831 831 831 831 831 831 831 831 831 831 831 831 831 831 831 831 831 831
831 831 831 831 831 831 831 831 831 831 831 831 831 831 831 831 831 831 831 831
831 831 831 831 831 831 831 831 831 831 4252 4876 4985 2578 156 831 831 831 831 831
831 831 831 831 831 831 831 831 831 831 831 831 831 831 831 831 831 831 831 831
831 831 831 831 831 831 831 831 831 831 831 831 831 831 831 831 831 831 831 831
831 831 831 831 831 831 831 831 831 831 831 831 831 831 831 831 831 831 831 831
831 831 831 831 831 831 831 831 831 831 831 831 831 831 831 831 831 831 831 831
831 831 831 831 831 2845 503 413 3297 2299 535 3297 1327 1799 3428 491 224 831 831 831
831 831 831 831 831 831 831 831 831 3624 1080 1080 1080 1080 1080 1080 1080 1080 1080 1080
831 831 831 831 831 831 831 831 831 831 831 831 831 831 831 831 831 831 831 831
831 831 831 831 831 831 831 831 831 831 831 831 831 831 831 831 831 831 831 831
831 831 831 831 831 831 831 831 831 831 831 831 831 831 831 831 831 831 831 831
831 831 831 831 831 831 831 831 831 831 831 831 831 831 831 831 831 831 831 831
831 831 831 831 831 831 831 831 831 831 831 831 831 831 831 831 831 831 831 831
831 831 831 831 831 831 831 831 831 831 831 831 831 831 831 831 831 831 831 831
831 831 831 831 831 831 831 831 831 831 831 831 831 831 831 831 831 831 831 831
831 831 831 831 831 2226 3236 413 1897 906 831 831 831 831 831 831 831 831 831 831
831 831 831 831 831 831 831 831 4950 260 3443 3800 599 1501 831 831 831 831 831 831
831 4099 831 1772 385 2727 3497 413 1296 2702 3672 491 4019 831 831 831 831 831 831 831
831 831 831 831 831 831 831 831 831 831 831 831 831 831 831 831 831 831 831 831
831 831 831 831 831 831 831 831 831 831 831 831 831 831 831 831 831 831 831 831
831 831 831 831 60 3193 1138 4065 3147 831 4098 535 2870 3688 1958 2054 3297 2275 2909 1080
831 831 831 831 831 831 831 831 831 831 831 831 831 831 831 831 831 831 831 831
831 831 831 831 831 831 831 831 831 831 831 831 831 831 831 831 831 831 831 831
831 831 831 831 831 831 831 831 831 831 831 831 70 3930 3930 4338 491 3930 878 1183
831 831 831 831 831 831 831 831 831 831 831 831 831 831 831 831 831 831 831 831
831 831 831 831 831 831 831 831 831 831 831 831 831 831 831 831 831 831 831 831
831 831 831 831 2355 1982 413 1309 2398 831 831 831 831 831 831 831 831 831 831 831
831 831 831 831 831 831 831 831 831 831 831 831 831 831 831 831 831 831 831 831
831 831 831 831 831 831 831 831 831 831 831 831 831 831 831 831 831 831 831 831
831 831 831 831 831 831 831 831 831 831 831 831 831 831 831 831 831 831 831 831
831 831 831 831 831 831 831 831 831 831 831 831 831 831 831 831 831 831 831 831
831 831 831 831 831 831 831 831 831 831 831 831 831 831 831 831 831 831 831 831
831 831 831 831 831 831 831 831 831 831 831 831 831 831 831 831 831 831 831 831
831 831 831 831 831 831 831 831 831 831 831 831 831 831 831 831 831 831 831 831
831 831 831 831 831 831 831 831 831 831 831 831 831 831 831 831 831 831 831 831
