831 831 831 831 831 831 831 831 831 831 831 831 831 831 831 831 831 831 831 831
831 831 831 831 831 831 831 831 831 831 831 831 831 831 831 831 831 831 831 831
831 831 831 831 831 831 831 831 831 831 831 831 831 831 831 831 831 831 831 831
831 831 831 831 831 831 831 831 831 831 831 831 831 831 831 831 831 831 831 831
831 831 831 831 831 831 831 831 831 831 831 831 831 831 831 831 831 831 831 831
831 831 831 831 831 831 831 831 831 831 831 831 831 831 831 831 831 831 831 831
831 831 831 831 831 831 831 831 831 831 831 831 831 831 831 831 831 831 831 831
831 831 831 831 831 831 831 831 831 831 831 831 831 831 831 831 831 831 831 831
831 831 831 831 831 831 831 831 831 831 831 831 831 831 831 831 831 831 831 831
831 831 831 831 831 831 831 831 831 831 831 831 831 831 831 831 831 831 831 831
831 831 831 831 831 831 831 831 831 831 831 831 831 831 831 831 831 831 831 831
831 831 831 831 831 831 831 831 831 831 831 831 831 831 831 831 831 831 831 831
831 831 831 831 831 831 831 831 831 831 831 831 831 831 831 831 831 831 831 831
831 831 831 831 831 831 831 831 831 831 831 831 831 831 831 831 831 831 831 831
831 831 831 831 831 831 831 831 831 831 831 831 831 831 831 831 831 831 831 831
831 831 831 831 831 831 831 831 831 831 831 831 831 831 831 831 831 831 831 831
831 831 831 831 831 831 831 831 831 831 831 831 831 831 831 831 831 831 831 831
831 831 831 831 831 831 831 831 831 831 831 831 831 831 831 831 831 831 831 831
831 831 831 831 831 831 831 831 831 831 831 831 831 831 831 831 831 831 831 831
831 831 831 831 831 831 831 831 831 831 831 831 831 831 831 831 831 831 831 831
831 831 831 831 831 831 831 831 831 831 831 831 831 831 831 831 831 831 831 831
831 831 831 831 831 831 831 831 831 831 831 831 831 831 831 831 831 831 831 831
831 831 831 831 831 831 831 831 831 831 831 831 831 831 831 831 831 831 831 831
831 831 831 831 831 831 831 831 831 831 831 831 831 831 831 831 831 831 831 831
831 831 831 831 831 831 831 831 831 831 831 831 831 831 831 831 831 831 831 831
831 831 831 831 831 831 831 831 831 831 831 831 831 831 831 831 831 831 831 831
831 831 831 831 831 831 831 831 831 831 831 831 831 831 831 831 831 831 831 831
831 831 831 831 831 831 831 831 831 831 831 831 831 831 831 831 831 831 831 831
831 831 831 831 831 831 831 831 831 831 831 831 831 831 831 831 831 831 831 831
831 831 831 831 831 831 831 831 831 831 831 831 831 831 831 831 831 831 831 831
831 831 831 831 831 831 831 831 831 831 831 831 831 831 831 831 831 831 831 831
831 831 831 831 831 831 831 831 831 831 831 831 831 831 831 831 831 831 831 831
831 831 831 831 831 831 831 831 831 831 831 831 831 831 831 831 831 831 831 831
831 831 831 831 831 831 831 831 831 831 831 831 831 831 831 831 831 831 831 831
831 831 2707 831 831 831 831 831 831 831 831 831 831 831 831 831 831 831 831 831
831 831 831 831 831 831 831 831 831 831 831 831 831 831 831 831 831 831 831 831
831 831 831 831 831 831 831 831 831 831 831 831 831 831 831 831 831 831 831 831
831 831 831 831 831 831 831 831 831 831 831 831 831 831 831 831 831 831 831 831
831 831 831 831 831 831 831 831 831 831 831 831 831 831 831 831 831 831 831 831
831 831 831 831 831 831 831 831 831 831 831 831 831 831 831 831 831 831 831 831
831 831 831 831 831 831 831 831 831 831 831 831 831 831 831 831 831 831 831 831
831 831 831 831 831 831 831 831 831 831 831 831 831 831 831 831 831 831 831 831
831 831 831 831 831 831 831 831 831 831 831 831 831 831 831 831 831 831 831 831
831 831 831 831 831 831 831 831 831 831 831 831 831 831 831 831 831 831 831 831
831 831 831 831 831 831 831 831 831 831 831 831 831 831 831 831 831 831 831 831
831 831 831 831 831 831 831 831 831 831 831 831 831 831 831 831 831 831 831 831
831 831 831 831 831 831 831 831 831 831 831 831 831 831 831 831 831 831 831 831
831 831 831 831 831 831 831 831 831 831 831 831 831 831 831 831 831 831 831 831
831 831 831 831 831 831 831 831 831 831 831 831 831 831 831 831 831 831 831 831
831 831 831 831 831 831 831 831 831 831 831 831 831 831 831 831 831 831 831 831
831 831 831 831 831 831 831 831 831 831 831 831 831 831 831 831 831 831 831 831
831 831 831 831 831 831 831 831 831 831 831 831 831 831 831 831 831 831 831 831
831 831 831 831 831 831 831 831 831 831 831 831 831 831 831 831 831 831 831 831
831 831 831 831 831 831 831 831 831 831 831 831 831 831 831 831 831 831 831 831
831 831 831 831 831 831 831 831 831 831 831 831 831 831 831 831 831 831 831 831
831 831 831 831 831 831 831 831 831 831 831 831 831 831 831 831 831 831 831 831
831 831 831 831 831 831 831 831 831 831 831 831 831 831 831 831 831 831 831 831
831 831 831 831 831 831 831 831 831 831 831 831 831 831 831 831 831 831 831 831
831 831 831 831 831 831 831 831 831 831 831 831 831 831 831 831 831 831 831 831
831 831 831 831 831 831 831 831 831 831 831 831 831 831 831 831 831 831 831 831
831 831 831 831 831 831 831 831 831 831 831 831 831 831 831 831 831 831 831 831
831 831 831 831 831 831 831 831 831 831 831 831 831 831 831 831 831 831 831 831
831 831 831 831 831 831 831 831 831 831 831 831 831 831 831 831 831 831 831 831
831 831 831 831 831 831 831 831 831 831 831 831 831 831 831 831 831 831 831 831
