1124 2279 2121 2033 1896 3619 2121 3132 354 1459 3883 1203 708 1347 4929 1495 2569 2603 3106 3171
831 2721 4676 1515 157 3629 3436 4 4869 492 1002 4711 2181 2707 831 1128 2252 2084 1503 1910
4269 923 3946 627 4833 1889 1502 2119 4876 34 1371 758 1789 2115 4032 120 1889 1700 3412 2900
4854 3377 1475 72 3379 4541 543 535 3144 535 4063 3871 3673 1377 3015 3297 3053 143 2900 1303
3634 474 3308 4164 4233 1413 1371 4976 831 716 2124 3870 1551 3901 48 1232 3531 2965 4290 2082
4293 2450 4200 2323 131 4387 1054 2125 2464 656 3634 1487 3721 2380 3526 3462 3091 4247 2193 3669
4666 4726 2375 44 2380 4848 1002 2746 317 1344 2265 1697 721 535 2215 1490 2396 1435 4329 1252
831 4304 2982 2402 1801 323 2840 3572 2551 4760 2203 3385 1816 79 599 3002 3930 3180 864 4264
2430 1147 1118 3153 2309 4311 1223 1336 2985 3775 2782 3386 1519 3297 564 4565 1097 3330 4599 3572
535 2181 2507 2671 145 2000 4828 2244 4323 3137 2957 2890 2244 2602 4740 344 1768 491 3930 3569
4118 2209 3715 4876 2812 973 2131 3263 1666 3410 141 1300 3243 780 4375 1360 1974 4203 1700 3551
2763 2578 2671 3142 1080 3283 4098 3543 3765 1646 511 3695 3787 2682 413 4501 4934 3001 1063 2796
582 1136 1124 3831 2244 3970 3371 1049 312 3670 4298 822 1799 413 4401 1347 2054 3275 4694 1682
1495 1503 3171 3572 1016 1232 2203 3293 2981 1937 3308 4863 2979 4074 3735 1400 2210 4816 3498 4912
1790 2671 4375 3946 2668 141 789 4223 3379 4811 1438 3634 1447 2396 4154 2511 138 780 4549 2545
4291 1358 1118 3629 1049 1673 1648 1354 3621 2418 1732 4100 722 4447 3292 2573 1102 4251 3268 327
807 4329 1267 1767 2396 3412 271 2828 689 3421 343 1460 1049 3188 1001 2916 2054 53 668 535
831 4145 1080 2887 2916 1762 2181 2156 2244 4424 3004 1724 2682 4435 2119 2364 2011 1832 2502 3386
758 1269 949 2121 572 2211 199 3218 1016 1465 1136 1173 4974 1251 77 4232 2194 592 4986 4032
535 4143 2909 2978 2578 1861 1915 2822 4443 1763 1277 2288 831 4501 2820 2482 220 2528 494 3024
3852 2121 2029 4463 233 4592 1689 4387 3670 2312 4646 2641 4535 640 4475 2978 4671 67 4063 1075
3930 4576 921 4353 1438 278 1232 1938 4004 4765 1880 4205 1937 233 2364 2054 3297 4226 2759 3594
2599 3020 809 943 3558 858 3456 4383 386 2512 1884 2314 1286 3689 2351 4164 3490 3702 3217 3049
2608 2844 3518 930 2096 1673 4002 555 1775 2235 1435 2244 1753 43 2578 2964 3670 2332 4398 959
831 1305 4854 2690 1693 1801 4783 1119 3984 1801 4311 4481 2130 2631 4619 4082 2695 3218 2933 3634
1713 4174 4370 2979 4206 2456 4520 1919 433 1652 4119 4290 3574 1302 3305 4541 1898 126 2916 1473
317 4656 2431 4827 2688 1319 4738 3530 543 4570 3121 3391 2827 166 4726 3302 1269 537 3313 307
4617 1080 1080 1717 3014 228 890 588 4030 4788 1085 4124 3377 3339 3838 4828 2687 72 377 4174
4425 3990 3414 3777 1721 305 4373 2488 253 2045 4638 991 2922 3828 1638 80 2152 2985 3319 1150
535 3790 4087 2332 940 2248 298 1712 2450 1232 1136 4143 3209 72 456 4100 80 4404 1077 4325
2011 1049 2364 3634 3487 2396 4867 3018 3531 4069 413 47 3391 4874 1732 4965 1816 3712 1804 3319
2469 4578 3431 194 1753 3252 4927 4407 1777 470 1756 3433 3433 4 1397 489 564 535 3446 4526
4854 681 1503 3319 2723 3898 2418 1080 1080 3344 3879 2926 288 2302 4037 4050 1369 413 4874 2583
3066 1884 2424 3530 3049 91 4664 897 3105 971 2713 3420 209 3842 4694 824 1033 2332 217 2397
3001 2603 2671 1438 1260 1805 1877 714 1025 3398 2203 4247 3297 1799 2364 2641 396 6 4784 2269
1546 3223 491 3126 4639 3787 3410 2904 2863 4558 3726 1446 1296 1646 4364 4713 4014 4491 973 968
1282 908 721 269 3653 2601 249 4440 2375 2418 1732 1950 1809 1522 1446 3792 2695 2765 4876 1371
758 2584 2266 4789 1295 2418 1888 3169 3255 677 3218 1128 3670 2406 2888 3146 182 4857 2695 4978
3001 4050 121 4411 1868 3583 2305 1080 43 4080 2364 4471 336 334 1324 4012 811 1919 2131 1302
831 3867 2048 3456 2674 565 1685 4448 3441 2900 413 1697 1816 716 4076 1855 1595 2593 3972 4237
3632 4003 1673 651 91 3151 3729 3656 2553 2054 1801 806 2703 2021 4557 4755 2140 2883 171 4239
476 3238 1177 3031 1730 689 1002 1347 4533 2360 4578 2533 671 4563 421 1075 4408 4578 2992 3059
1104 292 1019 3017 2944 2364 1903 3412 1920 1217 2418 1732 3670 1308 4897 2215 4581 4372 1459 3405
831 4252 1822 1413 4675 3930 1305 4397 345 177 1173 542 3080 2364 1309 2364 1040 2978 4652 1243
831 456 3642 2065 3245 1371 1440 1444 2723 3367 3621 3018 2930 1054 1084 4263 2203 3901 3922 1540
4425 3115 1565 3143 2574 1337 3842 4902 3786 4297 4929 2711 2210 627 3075 993 4820 3448 3397 3930
566 4726 402 2088 2527 4278 1990 4929 2364 168 2057 3297 3396 4597 73 2590 3049 4876 4431 1286
831 599 3444 2569 3593 3105 2890 1835 2332 4287 914 1665 2326 1243 2792 1602 807 413 768 707
4783 156 1536 820 1016 1243 2511 1974 3673 734 4251 2131 2418 1732 1438 1676 2756 1400 1080 3558
4036 1309 831 656 4372 4624 2938 4139 2271 2723 3651 272 2156 354 4664 3302 3626 1080 293 3946
807 513 4372 535 55 2364 1293 1346 2538 4477 1638 4170 3353 2054 3014 2959 3326 3607 594 1371
1031 1442 89 489 48 3218 501 985 2820 10 1438 2000 633 506 3733 535 3297 110 2357 4029
831 4742 535 119 565 3314 2158 4327 1673 920 3960 1807 4318 491 4309 652 2143 4848 1131 4834
3456 1272 4816 2956 1047 3683 2982 4178 345 2504 3643 3870 1499 1071 711 4544 1231 1804 3480 1019
4408 3313 151 1215 1296 3016 3591 4002 1580 3901 831 1836 3218 2518 960 4637 4080 4703 4760 4671
1305 3930 3171 1631 4828 3971 3444 3057 4598 4082 2444 1874 3916 2703 1053 3259 1807 3830 4538 3218
831 1751 4816 4290 2244 174 3185 194 4122 1625 4285 572 3540 4696 2563 4014 1646 1233 2121 864
377 4279 2835 3609 476 1682 413 2663 1309 3825 1434 164 2892 265 3288 1048 2164 4222 3074 4232
2599 2440 1832 4269 545 4516 3695 3619 3721 1016 2604 3645 4487 3456 2067 2364 1237 1457 1421 1625
4783 2000 3636 98 1215 3386 3568 1446 864 4541 1049 1304 583 3854 1324 2194 4177 4053 72 4372
3572 1887 2253 2959 2621 1131 2075 1080 2944 2372 811 3423 1110 3297 4062 1173 3239 857 668 3568
831 2599 2922 4317 3741 4302 1061 4 4867 4267 4637 394 445 2203 2461 4563 1030 4951 2154 3626
2453 1809 2751 831 2291 3635 643 4608 1298 2056 3269 3675 4424 120 3433 4404 469 4119 1019 2566
145 1832 4671 676 831 611 1649 2331 2106 4122 1676 2967 1286 4358 3281 4408 2374 660 3829 535
