1619 3914 2373 3014 2373 2830 2817 4990 800 800 1286 100 800 1286 100 800 1286 100 800 1286
1619 3914 2373 3014 2373 2830 2817 4990 800 100 800 100 800 1286 100 800 1286 100 800 1286
1619 3914 2373 3014 2373 2830 2817 4990 800 1286 100 800 1286 100 800 1286 100 800 1286 100
1619 3914 2373 3014 2373 2830 2817 4990 800 2373 2830 2817 4990 800 1286 100 800 1286 100 800
1619 3914 2373 3014 2373 2830 2817 4990 800 800 1286 100 800 1286 100 800 1286 100 800 1286
1619 3914 2373 100 800 1286 100 800 1286 100 800 1286 100 800 1286 100 800 1286 100 800
1619 3914 2373 3014 2373 2830 2817 4990 800 1286 100 800 2830 800 4245 800 1286 100 800 1286
1619 3914 2373 3014 2373 2830 2817 4990 800 1286 100 800 1286 100 800 1286 100 800 1286 100
1619 3914 2373 3014 2373 2830 2817 4990 800 1286 100 800 1286 100 800 1286 100 800 800 1286
1619 3914 2373 3014 2373 2830 2817 4990 800 649 100 800 800 1286 100 800 1286 100 800 1286
1619 3914 2373 3014 2373 2830 2817 4990 800 1286 100 800 1286 100 800 1286 100 800 1286 100
1619 3914 2373 463 1286 4198 626 626 626 626 626 626 626 626 626 626 626 626 626 626
1619 3914 2373 3014 2373 2830 2817 4990 800 1286 100 800 1286 100 800 1286 100 800 1286 100
1619 3914 2373 1388 2558 800 100 800 1286 100 800 1286 100 800 1286 100 800 1286 100 800
1619 3914 2373 3014 2373 2830 2817 4990 800 1286 100 800 1286 100 800 1286 100 800 1286 100
1619 3914 2373 3014 2373 2830 2817 4990 800 800 1286 100 800 1286 100 800 1286 100 800 1286
1619 3914 2373 2830 2817 4990 800 1286 100 800 1286 100 800 1286 100 800 1286 100 800 1286
1619 3914 2373 3014 2373 2830 2817 4990 800 1286 100 800 1286 100 800 1286 100 800 800 1286
1619 3914 2373 3014 2373 2830 2817 4990 800 800 1286 100 800 1286 100 800 1286 100 800 1286
1619 3914 2373 3014 2373 2830 2817 4990 800 1286 100 800 1286 100 800 463 1286 1286 100 800
1619 3914 2373 3014 2373 2830 2817 4990 800 1286 100 800 1286 100 800 1286 100 800 1286 100
1619 3914 2373 3014 2373 2830 2817 4990 800 1286 100 800 1286 100 800 1286 100 800 1286 100
1619 3914 2373 3014 2373 2830 2817 4990 800 1286 100 800 1286 100 800 1286 100 800 1286 100
1619 3914 2373 3014 2373 2830 2817 4990 800 800 1286 100 800 1286 100 800 1286 100 800 1286
1619 3914 2373 3014 2373 2830 2817 4990 800 1286 100 800 800 1286 100 800 1286 100 800 1286
1619 3914 2373 3014 2373 2830 2817 4990 800 800 100 800 1286 100 800 1286 100 800 1286 100
1619 3914 2373 3014 2373 2830 2817 4990 800 2992 800 1286 100 800 1286 100 800 1286 100 800
1619 3914 2373 3014 2373 2830 2817 4990 800 463 1286 100 800 1286 100 800 1286 100 800 1286
1619 3914 2373 3014 2373 2830 100 2817 4990 800 1286 100 800 1286 100 800 1286 100 800 1286
1619 3914 2373 3014 2373 2830 2817 4990 800 1286 100 800 1286 100 800 1286 100 800 1286 100
1619 3914 2373 3014 2373 2830 2817 4990 800 2373 2830 2817 4990 800 1286 100 800 1286 100 800
1619 3914 2373 3014 2373 2830 2817 4990 800 1286 100 800 1286 100 800 1286 100 800 1286 100
1619 3914 2373 3014 2373 2830 2817 4990 800 4219 626 800 800 800 1286 100 800 1286 100 800
1619 3914 2373 3014 2373 2830 2817 4990 800 1286 100 800 1286 100 800 1286 100 800 100 800
1619 3914 2373 3014 2373 2830 2817 4990 800 1286 100 800 800 1286 100 800 1286 100 800 1286
1619 3914 2373 3014 2373 2830 2817 4990 800 1286 100 800 800 1286 100 800 1286 100 800 1286
1619 3914 100 100 800 800 1286 100 800 1286 100 800 1286 100 800 1286 100 800 1286 100
1619 3914 2373 3014 2373 2830 2817 4990 800 538 100 800 1286 100 800 1286 100 800 1286 100
1619 3914 2373 3014 2373 2830 2817 4990 800 1286 100 800 1286 100 800 1286 100 800 1286 100
1619 3914 2373 3014 2373 2830 2817 4990 800 1286 100 800 800 1286 100 800 1286 100 800 1286
1619 3914 2373 3014 2373 2830 2817 4990 800 3334 165 4946 1846 2373 165 4946 1846 2373 165 1846
1619 3914 2373 3014 2373 2830 2817 4990 800 1286 800 1286 100 800 1286 100 800 1286 100 800
1619 3914 2373 3014 2373 2830 100 2817 4990 800 1286 100 800 1286 100 800 1286 100 800 1286
1619 3914 2373 3014 2373 2830 2817 4990 800 1286 100 800 1286 100 800 1286 100 800 1286 100
1619 3914 2373 3014 2373 2830 2817 4990 800 1286 100 800 1286 100 800 1286 100 800 1286 100
1619 3914 2373 3014 2373 2830 2817 4990 800 1286 100 800 1286 100 800 1286 100 800 4383 1286
1619 3914 2373 3014 2373 2830 2817 4990 800 800 1286 100 800 1286 100 800 1286 100 800 1286
1619 3914 2373 3014 2373 2830 2817 4990 800 1286 100 800 1286 100 800 1286 100 800 1286 100
1619 3914 2373 3014 2373 2830 2817 4990 800 800 1286 100 800 1286 100 800 1286 100 800 1286
1619 3914 2373 3014 2373 2830 2817 4990 800 1286 100 800 1286 100 800 1286 100 800 1286 100
1619 3914 2373 3014 2373 2830 2817 4990 800 1286 100 800 1286 100 800 1286 100 800 1286 100
1619 3914 2373 3014 2373 2830 2817 4990 800 1628 800 100 800 800 3823 4426 2817 4990 800 1286
1619 3914 2373 3014 2373 2830 2817 4990 800 1286 800 463 1286 100 800 1286 100 800 1286 100
1619 3914 2373 3014 2373 2830 2817 4990 800 4994 800 800 1286 100 800 463 1286 165 4946 1846
1619 3914 2373 3014 2373 2830 2817 4990 800 1286 100 800 1286 100 800 1286 100 800 1286 100
1619 3914 2373 3014 2373 2830 2817 4990 800 1286 100 800 1286 100 800 1286 100 800 1286 100
1619 3914 2373 3014 2373 2830 2817 4990 800 1286 100 800 1286 100 800 1286 100 800 800 1286
1619 3914 2373 3014 2373 2830 2817 4990 800 1286 100 800 800 1286 100 800 1286 100 800 1286
1619 3914 2373 3014 2373 2830 2817 4990 800 1286 100 800 1286 100 800 1286 100 800 1286 100
1619 3914 2373 3014 2373 2830 2817 4990 800 2373 165 4946 1846 2373 165 4946 1846 2373 165 4946
1619 3914 2373 3014 2373 2830 2817 4990 800 1286 100 800 1286 100 800 1286 100 800 1286 100
1619 3914 2373 3014 2373 2830 2817 4990 800 1286 100 800 1286 100 800 463 1286 430 800 1286
1619 3914 2373 3014 2373 2830 2817 4990 800 2830 800 1286 100 800 1286 100 800 1286 100 800
1619 3914 2373 3014 2373 2830 2817 4990 800 1286 100 800 1286 100 800 1286 100 800 1286 100
