831 3745 2056 2626 3749 1501 1835 1646 2551 4016 278 2695 2601 4522 2364 2514 4386 2409 4292 4154
346 1091 2261 3470 138 4978 2765 4 2226 2131 2044 3820 1038 4671 4864 512 4931 3355 4876 1515
831 2599 4164 839 2890 1284 570 2452 2301 1855 4876 4351 29 521 2812 4666 4965 4264 320 702
1049 1962 3558 4051 4418 4401 2594 3149 2324 3681 3410 831 3302 583 1042 4310 3900 4471 1925 2125
4359 181 1485 3451 726 4410 3609 4813 1232 3905 4105 535 2828 3518 1732 1460 4232 3695 696 1834
2453 70 3408 2523 377 1895 1711 2242 714 3313 4582 1713 3462 1568 3859 583 1994 3021 4542 2997
2705 2203 3313 4254 504 1298 4144 3274 1051 469 3073 2834 2181 2906 4324 902 4989 2011 3109 4624
3599 1902 1194 831 3064 4520 4907 1438 725 4 796 1051 2542 1638 794 3024 289 226 4201 4019
831 2901 2131 4999 734 4383 3297 1232 2331 3438 4816 2683 296 2314 2467 430 4127 1488 3611 4626
4004 3629 4670 3280 2828 496 3574 2131 1916 4570 3675 4505 4096 1104 2794 3666 4271 4364 3774 2674
3840 4671 4549 864 632 1259 2418 2964 1286 2135 3777 1894 1889 4232 4475 4016 2621 1503 3453 4488
3429 2421 3249 1677 3185 4755 1767 2325 4414 2054 4854 4122 2131 445 48 4636 3686 4988 3233 4391
4425 1337 3695 4897 4689 2011 4826 4738 2971 543 3529 1267 217 3401 1365 492 413 2054 2500 2054
336 4978 2792 2332 4082 2309 413 1131 327 2805 1337 4594 247 4126 4319 1932 656 4031 3221 4753
1152 1584 370 156 572 3676 599 1816 3105 300 535 2181 1102 874 209 1413 734 217 3062 1067
476 3984 1929 4298 3308 712 4920 4408 4022 413 1211 3635 3854 3121 4742 2291 864 2488 3480 4329
3871 4907 2116 2482 3545 2804 2805 1895 3607 3341 2549 4059 4336 4625 4619 563 443 4414 2477 3347
354 72 3194 4226 4135 2126 4563 48 2203 3902 599 2131 918 2203 1067 3079 3183 2610 2812 4004
4977 4923 3670 77 4653 2287 3702 3574 3884 4677 2252 4867 4389 91 1019 3412 2544 1876 535 2578
831 267 1974 3396 73 734 1869 1402 4181 4726 2631 1056 1029 143 734 1953 704 1301 1503 3297
3745 3513 1292 3843 3629 718 1105 4641 1028 1775 2333 3930 4069 1611 491 235 2900 4850 4507 1845
831 1220 599 831 921 1067 1274 1243 2434 2992 1799 2752 1150 1753 4279 4534 1438 3209 4892 4475
4425 904 4119 4594 4847 1075 2333 4848 1337 138 3980 4160 120 2671 4372 4020 1976 4 489 3723
831 1104 1985 233 1793 80 3264 337 4133 4978 4544 2203 375 1700 4050 4050 4012 3441 3288 2965
354 1663 4708 3398 2933 70 2636 3024 190 2737 53 1724 4541 3089 1753 1606 3680 3542 4960 4654
2402 1334 4 4758 2623 4978 354 4756 4369 2835 572 4796 1889 1511 2121 2916 1762 2364 489 3398
143 4401 2418 465 1347 3053 2443 4290 3605 143 3459 371 2443 4067 2387 4554 3566 1049 2054 3815
3199 2980 79 143 3010 2517 1875 3911 3428 2752 1792 95 2629 4187 3410 1377 4556 4921 1531 2395
1215 3446 2244 4327 4226 4638 4943 1123 4816 1654 1962 4545 3502 2542 1953 4375 1653 47 3156 141
619 4927 839 714 2561 758 3218 3064 4979 3577 1816 143 2561 1688 4311 3634 750 2142 3518 2364
3252 3133 413 3297 4177 1049 3466 4411 1887 3109 734 673 4059 1217 4475 1028 1632 4110 2001 2612
3001 115 1775 2016 1820 3209 202 1498 4636 1666 1280 1969 4625 2332 7 3239 1028 4 725 3178
4582 1454 4734 2364 2631 3983 1234 1277 145 4634 831 3458 1639 4271 839 2492 2382 2016 4332 2738
831 4519 2621 1295 4828 120 2028 4734 1133 384 1382 2900 2200 4806 4935 504 843 4658 2509 4329
807 3865 4583 2121 3284 2912 807 3154 985 4098 1290 1309 4908 7 1038 2890 4703 413 1235 2418
1867 312 4327 1580 2226 3255 4359 4896 1760 3014 2314 4917 1080 3721 1054 4339 1302 3283 1807 1150
1996 4783 1983 4062 4158 1835 2758 4526 72 2124 4639 2071 1682 3850 1051 1834 1627 1801 2115 1980
1049 4267 69 2570 2968 2382 2936 3864 2871 1503 3178 2848 2279 4158 1 1608 837 3521 3001 1652
3930 4353 4177 708 4957 4375 4824 3625 3049 3710 1067 2244 1324 3792 3178 1015 1898 1867 4002 3910
2815 3512 3980 1503 2351 4372 3930 4137 1888 4545 4588 2157 2578 4050 143 2395 4251 3644 2572 171
3142 3458 1269 3017 4712 2372 516 1439 1026 2978 4946 1736 4726 1857 599 2203 1016 3231 3957 4733
190 4404 1347 233 3297 2142 1931 1682 4482 1080 2203 1887 2450 172 3322 3731 4404 3002 4694 2153
4292 1002 1909 4876 3629 4507 334 494 2418 3971 633 4318 3875 3404 4433 620 4658 3639 2623 1173
831 2033 2492 4496 2671 648 2162 2841 1286 2956 1884 3919 388 501 4260 375 244 1080 159 656
2450 4501 1937 2364 3777 1296 164 3180 3839 3010 2052 3007 413 1011 3898 4050 3582 2705 1584 1563
1136 1345 746 4929 262 79 3268 2121 4262 734 4566 3688 3594 2666 4093 4966 1937 1749 3734 4206
831 211 4269 4738 4250 1789 253 3629 3528 1882 720 2599 2549 689 689 3688 2964 4157 1569 2603
3859 689 2462 2226 2355 138 3159 3102 332 999 2623 1497 4948 1480 3901 2682 8 2048 491 240
831 3171 3777 1889 4098 3492 1137 3478 3305 4150 4538 4319 1981 1272 2763 2121 3896 565 1988 1049
3148 31 856 4237 4993 3882 3797 1523 4290 3769 4636 1337 4336 4544 2121 2364 3669 3367 4327 3984
4002 1772 3302 1260 4372 354 1547 3014 3245 4137 4811 543 4694 293 1336 1931 2088 700 1036 119
1902 535 4540 2000 4746 2626 1736 1907 2873 91 2702 2292 1386 2416 3640 476 3405 4375 2835 4050
1869 2528 1809 413 4768 3405 120 1104 671 498 4941 2067 423 2723 1456 332 3787 2417 1937 1215
2325 1401 1324 4234 3664 3330 3985 215 689 4550 3661 1365 1908 811 2075 3930 2292 4760 4959 4806
2671 1544 2946 4094 1877 2877 537 2785 2626 4965 1309 2016 4808 3017 4848 2978 689 3734 1648 2054
1172 4603 1965 1337 4530 3711 4668 4975 3982 4605 1324 1442 4359 1054 3740 4664 12 4603 1110 957
896 4384 2046 3528 1895 4002 3059 1698 1075 4170 677 868 4443 1150 1895 127 1634 3050 2280 4466
4408 151 3592 1428 4032 4582 2965 3820 2543 1005 491 721 89 2654 2763 2663 711 413 12 4768
807 4666 3531 4876 1286 1835 2695 816 1753 4404 3011 3480 2267 1451 501 2277 2188 4404 4496 4450
3608 2722 831 4411 1365 2699 3635 831 2578 1128 2000 4912 3297 914 4962 3275 1308 220 4264 1324
4938 396 1129 1775 2982 1269 1269 716 2702 4928 624 4164 4351 804 3993 3962 213 3839 2752 1150
1703 445 1768 3344 3082 207 1980 1354 1150 2265 3249 3591 4267 141 3412 1547 3707 1300 2835 2676
831 599 3240 1807 3297 70 4404 2542 1310 4981 567 1931 3683 4544 3086 2424 543 3082 1112 1897
831 2131 1229 461 4828 2418 1682 70 1030 2131 2868 2131 797 4885 157 4755 4232 1884 1807 320
