870 246 4328 465 2749 252 2301 1453 2104 800 3386 4403 34 1152 113 2363 4822 4788 3913 204
3466 4546 541 179 3038 2922 437 165 3987 2327 4243 3782 2555 4403 2645 2354 4415 2225 4318 2605
870 3626 543 2471 3510 2872 3789 2824 626 626 626 2911 1892 3304 3992 3402 4195 4660 3071 1696
1619 140 1890 165 4946 4632 288 1978 944 1696 2815 442 1639 3208 1794 2043 1805 4114 3139 2872
3090 3195 1417 4653 3088 3752 3538 1043 339 4266 4632 3543 4797 2650 4536 43 2138 3029 165 4697
870 1195 129 1121 3323 26 509 3685 147 3984 4478 4173 2830 4990 1309 3984 2078 1415 4219 4142
4762 4798 1892 3408 4795 63 2373 210 2574 3709 2797 663 2178 4377 1455 768 169 2432 2795 4426
1922 4774 3630 2178 1628 4170 731 4653 3248 800 2526 2474 3682 82 1846 121 604 73 516 4124
3364 39 2763 2436 800 947 1456 282 738 3096 1433 2657 3374 446 4108 2882 2605 4990 2395 1480
4569 1293 3021 3222 1045 3175 955 1113 2420 1081 2553 440 4298 4652 1396 4362 1995 2096 2494 3098
3618 4668 4019 4353 2395 2226 2103 1286 545 375 4830 4707 3465 2974 3454 1760 463 1286 4019 3789
4228 445 626 626 626 626 341 2714 3115 619 492 1147 1393 3785 4417 735 3139 3068 3288 3538
870 3136 4295 1878 1079 3870 4936 2747 3054 1215 3911 1226 2262 226 3498 4996 204 3067 821 3856
3297 3594 4477 3177 3139 2665 1480 440 4216 2917 2595 379 2487 3736 2990 3318 125 4853 114 1205
2911 1616 2830 121 3071 1124 4531 1890 3123 2281 2436 2974 800 3363 894 2697 1917 3984 821 2177
2982 1696 783 3941 3945 2457 2430 2280 2679 504 4795 4173 4426 1447 2735 2688 3900 922 620 887
2871 1401 2438 1872 2939 853 1581 4787 61 917 1232 75 4884 1039 3694 1920 619 2436 3789 463
1619 2867 4580 3172 1215 1371 2149 3352 1699 1485 626 334 1928 503 626 626 626 626 626 626
1619 113 1289 4626 4641 3965 4281 545 3713 121 4157 274 3700 1488 2939 4795 1037 2099 3710 2657
1595 3899 4460 2127 775 556 955 2627 4240 3502 4205 955 4586 463 2078 2034 2038 2220 3815 2901
1254 1289 2612 171 2368 2368 34 2022 3543 1846 924 2436 3995 804 1289 3029 4205 352 1096 113
4240 626 626 626 626 626 626 626 626 626 626 626 626 626 4597 626 4597 626 626 626
4703 3886 3053 4031 2212 2034 4781 2915 2373 2611 1696 2444 958 2178 2758 2817 2018 3127 3700 2824
3710 3212 1972 2859 1906 3606 3921 465 1996 872 519 2302 1846 2483 2352 113 4031 3945 645 4969
1619 4573 4634 1568 3705 1659 4970 3752 4001 202 1011 113 2499 626 4518 459 1923 4962 224 100
2038 4398 2657 3323 546 719 1476 526 1633 113 1628 1470 4691 626 626 626 2742 626 626 626
1619 4751 409 735 3466 2070 1617 263 4911 2967 3555 3897 82 4033 4266 1261 3062 4374 2825 1892
2911 955 594 2604 1928 3832 2436 2754 2395 3060 1628 4915 1878 4967 3916 3967 1628 4236 2911 1972
2911 100 2830 4946 4465 4752 4386 2431 114 165 479 3115 4814 1788 587 3511 1929 1471 690 1746
4511 4936 3520 1677 2885 2963 3595 418 1328 3856 498 2974 1729 155 3802 4980 1636 3080 539 2061
3167 3644 1892 1486 3029 4301 1632 2457 3466 227 3048 4194 4334 800 803 4288 3700 2247 3724 334
4569 260 1630 1255 2911 1235 503 3120 1993 2039 1628 3631 3839 2487 4937 2817 4731 4372 1846 2779
2372 2618 469 1735 1349 100 2494 957 379 4856 2894 4990 1328 2368 4371 4383 626 4604 2881 588
4835 4382 1337 3945 3919 1921 3880 2829 234 4165 1453 2570 3344 1636 341 1207 260 2338 2644 821
4569 4774 4003 1639 3222 1522 3700 522 4252 626 626 1805 800 4182 1272 800 3285 821 1944 1255
2911 1059 626 626 626 626 626 626 626 626 626 626 626 626 626 626 626 626 626 626
263 3324 4706 100 3558 2895 2639 1756 3478 413 1005 1835 4891 1038 113 4359 1039 98 3578 3636
3710 4542 3816 4862 1349 2352 2330 102 1247 3752 3359 2830 1951 4245 2645 4546 821 3258 3705 3186
3466 626 2178 3655 1121 800 1776 2051 460 2995 2436 2974 800 4575 246 800 557 73 1342 4955
4572 3834 160 2456 4375 3740 1965 1940 2891 4400 450 188 1935 2908 2693 3399 5 3522 1421 3226
3466 1383 4708 191 3364 4293 655 3988 2373 100 62 517 113 1832 672 626 364 1696 148 282
870 4910 619 690 1978 1846 344 4239 1254 829 4743 4927 3082 2247 3528 3956 2659 3165 2246 3641
1619 4342 4990 2602 4617 572 1359 2711 2492 671 4383 2911 2711 2044 2574 4952 2295 2830 1726 379
4240 3188 955 4468 4520 1530 3945 114 1632 165 1155 4659 1281 100 1726 4393 3190 2178 3261 169
1619 3710 917 1080 3574 699 2406 2001 2352 4661 800 4157 2393 2304 3253 1267 4752 165 756 3202
3466 3945 582 4266 4632 545 2854 1832 1180 3710 2336 463 4837 972 165 113 4577 626 626 626
2911 1696 1917 1048 4990 2699 2897 191 4632 3538 4844 2445 2368 1489 1480 2356 4610 2702 1555 3190
1619 4478 3710 45 161 4631 4657 800 958 4632 2354 545 2693 4003 2145 3198 1244 1793 2967 138
2038 647 1628 227 1639 399 3656 3959 4644 2817 1701 4556 3218 4818 2342 430 1289 1043 100 3543
726 800 3395 3285 4962 745 3127 982 1822 958 4632 2830 155 2711 937 1739 3984 948 3718 626
4569 2817 4468 2354 1488 4328 3936 2631 4468 1030 1846 1931 750 1846 1123 1361 187 3626 3667 2436
2911 4102 1696 3880 3937 1903 2512 969 3162 2012 3214 880 3835 760 192 463 4216 4990 1993 3147
947 2970 448 218 2610 3048 4521 1286 3868 3678 3970 746 3330 3909 520 3170 2939 4426 1300 4216
4231 1322 2456 10 2911 3916 161 1184 1872 3831 1846 4761 4930 713 1278 1087 4653 3792 13 2612
2911 2257 2188 4711 1252 4931 4505 1129 3087 1427 1379 4610 1699 1336 2322 2605 165 1872 4697 2578
1619 3880 2051 4761 3214 69 2356 1052 3288 141 1501 503 4312 3281 2373 430 800 121 3964 1301
870 59 805 659 430 800 1286 4232 1331 4302 908 1993 2105 4990 3303 2082 3945 1846 4649 4563
4569 4306 1830 2199 1619 3937 344 141 4019 816 2308 712 3789 3918 2345 1 3466 3235 745 2436
3466 3710 4031 3065 594 1565 3945 1494 4549 3789 2860 1117 427 1176 4719 3024 1085 1867 4426 4142
1589 1597 3119 4797 463 805 2354 165 379 113 626 626 626 626 626 626 626 626 1739 626
755 4946 894 626 626 341 319 3065 237 4506 3048 1637 684 1491 1978 3636 626 626 626 626
1619 3914 510 1215 1396 3404 800 2036 2442 3486 1768 2227 4405 2966 1829 3154 2262 4298 1453 1861
3364 2824 4024 4097 3681 939 3466 3378 3538 1895 4632 1268 545 934 2078 2304 1812 1696 3253 463
1300 2970 959 3324 2105 3296 2709 2896 3272 1881 2269 3897 4952 1447 1155 3705 1415 3789 2817 800
