3694 2959 411 2038 4844 2974 800 4619 3082 2522 1190 1659 2466 319 2323 3344 4824 3591 545 2407
138 4968 3466 2178 2817 3478 2646 3165 4239 1832 1574 2896 3626 1633 3157 2088 1975 1119 2119 4236
4148 3284 2283 2338 329 1568 567 1597 544 567 2058 430 939 4984 4146 2516 3207 465 1453 1879
191 4042 3526 551 4990 4195 3879 804 102 2345 263 1480 1581 2368 1034 1034 1289 4523 2456 186
2712 102 3705 169 4332 2830 2967 617 4572 3677 3685 333 2118 63 4108 2034 378 1549 3951 4448
1619 384 872 2239 4626 2773 4990 4984 3964 642 2267 2302 766 2773 1429 1083 4731 4955 915 4795
3770 237 1613 4196 2435 626 4778 3528 1269 635 663 344 878 1328 2424 2565 959 2692 430 3486
3305 2140 140 4070 964 3713 2850 2061 711 169 3157 2200 3528 3951 212 3222 4957 4990 3664 1936
698 2899 714 2399 4456 1681 3787 2871 2527 1941 822 3681 3679 1592 3530 4909 394 1274 325 4802
1619 384 3418 4559 4773 2497 2085 956 3816 4012 3655 959 4173 388 2621 4231 4853 1147 2731 1454
4232 2537 4478 4610 3222 4266 4990 4284 3869 385 3127 2486 2815 182 3053 3108 1455 3990 3393 1268
3348 756 2701 4457 4511 1443 1342 170 504 3713 2764 3049 1 3856 4641 2373 1790 832 3687 334
3664 263 1367 4998 2067 2049 3157 2841 2819 3500 2749 2702 2118 3504 98 1861 4733 4283 405 2312
2307 3216 3681 672 4231 1588 4873 4891 2535 4216 1993 4649 541 4691 1695 4267 58 3466 3189 4266
886 1892 2216 4276 1119 3157 3165 4744 4542 4947 3984 3071 3543 2830 503 4001 2760 1214 1119 1127
1746 165 2645 3595 1023 2519 4697 4498 1888 352 1700 917 173 3292 4238 3682 3378 4990 4266 1130
4968 2373 4383 1313 2550 4270 397 96 2525 2854 1333 3989 632 165 3718 191 1232 2436 1872 1746
2576 496 1342 1457 1546 1757 2693 2717 797 1809 2487 545 2778 4719 1058 741 779 511 1530 299
4364 2322 1829 169 1401 1486 439 1968 1286 173 1696 1480 3623 1460 4097 967 3162 1715 2223 2094
521 4632 4787 3208 4428 100 3528 4243 1192 1619 1906 4854 3156 3209 2373 541 800 1859 4019 4938
3188 2939 3092 4666 1739 4404 924 972 1919 3835 764 1100 3127 4822 1752 3816 1581 3041 4033 3626
3244 3187 3275 3114 1726 2128 768 3260 4799 2078 1051 4153 853 4353 84 340 3218 2908 4426 3634
3348 2462 531 4795 2786 100 2350 217 1104 4626 3056 2184 4216 1378 4436 959 3727 4853 53 2711
4153 1892 2819 3222 2657 4245 1213 494 908 4216 805 1846 3211 1993 631 1452 3317 2004 4964 4817
2132 3883 4520 4466 3348 1918 121 2449 2817 3102 313 4616 217 412 599 3258 430 1401 178 3172
886 529 2946 3082 3987 712 4718 1415 964 4971 1173 4853 1309 217 4844 1083 3115 1901 2974 2782
2272 4707 4816 169 169 958 3166 4795 4702 1516 2815 1286 805 2096 2573 3988 3655 4908 3528 2011
495 1692 69 3872 2967 1232 1541 2269 2754 2195 1691 4706 3626 1691 3626 4196 579 2118 4715 440
1619 82 4558 3803 1453 1630 488 1254 2568 4001 2224 1599 1344 982 2712 278 3534 4134 3984 260
1746 165 2448 1576 3538 3474 4108 3071 4471 1696 2777 82 1637 3652 3675 4636 4580 4426 341 3375
1832 3899 2884 1225 2188 2363 3222 1331 4146 1148 4626 463 2354 4181 2817 4937 3825 4195 4629 4302
4364 1256 3110 92 2379 1074 400 3535 2974 1367 2740 2402 3498 4153 4577 2049 982 4252 742 3707
4778 3023 718 822 3381 4726 4389 784 1363 2546 3029 4660 541 1890 4990 4901 2307 4216 4780 1083
870 3945 4276 4339 545 4250 1894 2678 4844 3669 2639 388 2067 1928 2546 4795 4400 1890 3737 3968
3466 4398 2112 380 3504 334 3211 2830 3002 821 128 3643 689 3504 672 547 2146 719 528 4952
1034 1133 4798 2375 1433 4909 1696 1168 1104 2048 2695 3117 4651 237 3329 4000 451 2001 3749 2527
4728 2345 4707 1232 2271 169 438 893 3350 1691 1797 1289 4247 439 400 3680 3208 4104 3880 3105
2372 2612 2555 3419 111 2926 3945 2590 2307 1879 772 3724 242 463 463 2609 3212 3879 3549 597
4569 59 3790 3115 2974 4597 2662 113 1225 392 1581 2356 545 2257 4610 1787 4634 3964 4290 1769
2111 1950 3740 3306 1884 4120 4334 4883 39 102 3892 3892 1573 3053 1155 558 1081 4891 3414 2553
3776 1530 4475 3289 4184 4327 992 647 494 115 3945 2347 2586 4830 2818 282 2274 740 3172 3883
263 2995 1337 3466 4597 1148 1349 2542 3175 955 3984 4795 110 3855 1883 3346 1846 4854 3305 4799
4569 4830 3105 3681 3801 3880 2848 1952 4408 4577 4685 2550 2720 4844 2490 1733 442 2572 4597 3966
3348 2072 4957 459 2178 1895 2817 3317 2817 591 4108 800 121 4717 4573 1669 4426 4802 934 1743
3364 2961 3523 1457 4366 4990 4653 1081 4880 156 1255 4938 4753 375 3945 865 4955 2725 2711 4470
2279 3409 2538 4964 1155 4019 2659 1141 2466 2435 4216 4812 3679 1691 4521 421 822 800 1046 2872
1144 1479 4430 1016 2599 1458 4599 2782 2715 955 777 3801 1480 2015 510 1471 503 2662 3739 2436
1883 3837 446 499 4752 1440 1993 383 2885 4508 1637 2543 865 1421 1433 2679 2913 956 1859 3655
3059 1027 1870 2861 4632 4632 2027 3997 2474 2445 1106 1972 179 2844 671 1744 4307 3543 1520 4824
1829 3251 3407 2735 3282 3678 2424 1828 2902 3685 2308 4026 2525 1928 1121 707 4426 1049 4938 4296
1619 4232 3748 1911 1397 1456 3360 2040 3832 2711 888 2525 2982 3236 1520 2466 4231 862 4097 4494
4204 3105 3410 710 3150 479 344 1757 4348 1530 1055 4033 4708 4724 2110 4670 1192 834 885 260
4090 2330 488 4980 2127 318 962 915 4426 1447 390 4111 2817 934 1763 3736 800 2762 1967 3913
2097 2900 588 4826 4585 626 4597 2395 4443 2817 3352 3130 3487 1331 1723 1155 2337 1657 1953 2220
4964 1088 1832 1037 1750 102 2276 1037 1684 3150 2332 3936 3683 2075 4708 1005 366 2436 2823 4597
169 2813 2987 1872 1678 541 1812 394 4216 3816 3872 4033 4699 3410 4552 1003 3074 4795 4209 1300
2928 4005 1483 2535 4057 1892 955 3460 3251 522 3645 1436 1829 1490 1349 1757 1268 2458 3863 1851
2772 4816 2091 2535 3325 3330 4880 2072 4 2436 3727 4910 513 4398 4718 1731 4209 2943 3637 3409
3102 717 1119 364 4426 1084 4958 873 367 2058 1739 3115 619 4267 617 822 4916 2035 4956 277
3573 1234 2522 1792 1331 1037 463 1883 1846 1093 2920 1984 3844 4788 3058 4097 4012 1470 1567 4996
3364 1884 3528 1155 2200 3473 167 3402 4134 1992 4844 976 2712 2830 1280 2878 1746 861 2598 2675
1628 1249 924 821 2105 3936 102 2669 4299 3550 2662 1567 511 3364 4795 4732 3054 2947 3644 2813
3871 3217 3839 113 4344 364 1703 1879 1879 4653 4096 2692 4173 1379 3115 100 2929 2133 1234 1000
3272 1972 3770 2393 1362 4610 3890 499 601 1921 34 821 3442 4368 2688 4036 3232 2565 1193 499
