831 1031 609 1332 4639 2598 1249 327 451 3428 798 1144 1595 2525 4446 2203 164 69 4582 423
4037 1047 3429 2666 831 3046 2599 1491 583 4588 2665 3600 1296 4037 1054 4639 1936 4269 227 4375
4617 3916 2359 4391 3441 172 4566 3510 516 745 2054 4252 600 3566 4291 1075 547 831 4965 4343
555 2424 915 3787 599 2057 4154 2578 49 1580 1129 4107 1307 4227 1380 4374 1434 2578 4040 4063
2610 3222 237 1308 3089 1150 4010 1182 4443 4236 1174 1541 4568 2941 1809 2765 3053 3367 1080 632
3721 4652 2804 2645 3080 1705 3066 1069 4715 4591 2364 926 557 2584 3403 1118 293 157 426 3338
2081 1267 2815 2364 4806 4816 2364 3334 4428 1234 3756 2358 3251 4682 1080 2116 4014 4205 3514 3462
2721 1215 565 3297 3248 2643 2375 156 4368 565 2631 1209 570 4738 1937 4848 2665 2181 3960 2131
831 1867 4298 3695 4176 689 4027 3901 722 3239 421 3395 2996 4536 4082 1700 1789 141 2698 272
2453 1613 866 2063 1775 3821 1766 4738 2135 2244 3396 4014 4917 1080 4327 4588 1561 1094 4475 3027
1309 4582 3269 332 3871 4201 2158 4343 270 1150 328 3644 3296 4086 3334 3066 1654 120 2306 4820
2203 1086 3695 4268 120 570 4375 1937 3188 121 768 4226 2590 2683 3249 1016 1643 4251 2011 1454
831 599 1697 1713 4512 1937 4502 4560 4000 1871 3951 3174 3171 1812 3702 2396 1887 2844 4074 543
489 1496 1809 4636 4674 499 831 2861 1548 1777 1834 3702 960 4876 1331 1004 1258 2226 4578 120
776 145 3408 4627 1833 4404 4553 3695 4309 1040 1845 72 1937 1080 4867 3629 4181 2759 4184 2597
3963 4783 1358 4689 2244 3469 3729 923 1454 2820 4501 4950 4811 4707 1809 4963 4488 143 3379 1381
3137 3695 120 1863 364 1150 3049 4582 2861 2951 123 2767 4671 3065 1534 3066 831 2311 1445 4291
3756 3852 4 3163 2726 1703 3572 3469 2226 2529 2695 700 4473 493 2465 2664 907 4095 4069 4404
1495 3946 6 627 4726 1273 4026 1725 265 3315 1309 4043 3530 4488 1809 4317 4927 3437 491 594
4252 789 1855 1296 489 2126 1884 1269 3102 1584 3151 3669 1241 38 2397 4761 1019 1889 1869 2625
535 2883 3593 1676 2137 4507 2822 3051 3339 543 1042 445 4027 345 4012 1454 2226 4500 1835 334
4290 1551 3900 2001 246 4982 1636 2388 2624 4264 4453 831 345 4761 1918 4430 4004 4174 3420 4563
831 3003 2623 3188 3446 1047 565 1503 1816 1867 1080 3165 1215 3002 4408 4329 2940 1080 896 535
4967 2610 3015 413 1488 3403 4580 873 3954 2028 3908 478 25 2578 3609 1080 375 3564 1807 2244
3020 3634 745 1080 4037 536 4855 4198 831 2164 4168 1091 1751 4020 2054 4014 2757 4867 2100 3957
4758 3002 3462 226 734 4558 3057 2599 677 4098 4931 1038 4652 4987 1816 1262 2562 54 1676 6
4226 2828 4676 612 2627 4526 334 4802 823 1347 321 3049 2763 548 3608 1763 79 3992 2974 535
2752 2004 439 72 4682 3792 2987 1027 2188 565 4605 3456 2711 4688 863 4178 1136 2048 489 4563
2450 75 1540 4507 2674 2467 543 3980 138 2959 1135 2626 4154 491 3014 2590 4696 755 3147 535
2275 4035 278 3252 4109 2112 1869 4308 1286 2447 2011 1080 4943 1220 1880 1309 3357 2835 200 4475
1867 3984 3187 2081 1337 3057 2726 1393 70 3528 2021 120 2865 2758 3784 145 4178 1883 153 209
2626 598 907 4292 36 2804 2313 4404 3181 3398 3923 209 750 3474 4745 3711 1376 599 4671 4869
1788 4372 3015 4258 2121 625 4722 2203 228 1867 3319 1036 734 2890 4364 268 408 716 2410 4534
4854 2447 3642 4291 3749 4468 1786 2626 4495 2203 1051 2625 633 273 2739 3626 4099 1775 843 4385
247 1827 896 377 1990 1273 2665 2828 1901 1880 1852 1994 1435 2807 1638 145 4626 1802 3846 3930
4625 4012 4336 28 3178 1164 4811 535 3433 1080 2940 1746 4619 1871 3830 1574 2164 164 1390 2623
4428 3971 1832 1809 4250 3202 3634 4381 4755 1028 271 2418 3296 3230 1551 4213 1689 2900 3121 1049
2181 2795 2746 1001 612 4738 2828 2286 2665 2940 4296 1654 4501 1816 1534 3653 565 2900 2968 401
3001 2974 175 3222 612 2460 1153 4034 4463 3414 1243 1045 3028 3851 2230 4502 4501 4555 3410 4813
3930 4989 856 4927 4286 491 3126 1741 1380 4206 2623 2975 4807 4582 4976 3171 1051 113 543 1269
831 599 1331 2828 2048 839 593 1296 779 4336 2194 2368 4961 897 4714 3569 3818 2626 4537 3505
4425 1136 3474 4876 1209 543 2333 4859 80 1080 4594 1481 4564 3398 2904 2502 1332 113 2502 4967
3811 75 2274 3808 2431 4475 4236 3717 4501 4545 1267 73 2694 4733 792 975 1980 3398 143 2158
3330 1894 4668 413 647 2794 2500 4943 445 4176 3574 3308 1447 720 4278 1809 2682 1057 4755 2402
831 3634 4401 647 2195 3530 3695 2295 3572 2417 278 2621 3680 547 4718 2981 2027 2700 2396 503
2450 996 1816 2883 1173 2105 2242 4556 4441 1303 1156 1007 342 4327 312 4944 1980 4694 3181 1789
354 1344 1700 4714 2278 1974 21 3442 1873 121 4264 145 1444 3129 725 4459 1019 503 1874 4401
4080 3028 744 12 1302 3674 1894 4668 3171 4556 4877 2511 4764 4037 1402 2683 2662 4827 3906 4375
3670 1948 3175 4681 483 2995 1649 1413 982 336 4200 1386 1902 2428 4565 2543 1042 2761 775 3456
3456 790 3942 3443 4435 1988 4935 4535 3670 1980 1598 4654 4264 3787 4828 1325 2474 278 4783 1071
2626 2874 1080 1260 807 4041 1131 3941 4424 1534 1961 3712 2953 4831 1998 4379 252 1414 4581 3837
2268 3695 1034 1034 139 384 1766 2446 2711 2255 565 734 2900 4370 2375 782 2203 1838 831 4063
831 4423 2671 4549 2604 1807 413 1562 3992 4050 491 2447 997 272 3936 2513 4201 3621 2332 4275
4742 2418 4776 4329 1487 3942 701 4312 3049 4636 3694 1799 705 2951 1324 185 1080 4563 53 4226
3688 1618 1682 1252 3458 770 4107 537 3589 1019 2763 4656 855 1772 1580 1937 588 3712 4285 4086
831 3808 4063 4082 4908 949 4428 689 4578 2368 2135 4541 1564 1786 3963 2932 3331 4218 4249 2203
3801 4246 735 4443 4059 421 4051 1564 445 1880 2418 665 3609 3589 401 1727 4876 1331 4404 1173
535 689 2828 3159 1253 689 3344 4530 1840 3809 2413 1830 4803 4016 2395 3911 2711 1080 1080 2746
4983 493 3773 2875 3081 1181 2665 3640 1347 3946 4931 2996 3617 2428 1054 4570 4098 2904 575 961
3589 1230 4264 1309 345 177 4828 3218 2181 81 4519 2230 1252 3801 4395 355 2890 1008 1019 2671
1982 2502 4652 788 4454 4322 4724 2871 2235 2428 4001 3071 2572 3712 3014 3787 2818 4170 4927 2666
1816 2441 2752 4305 2861 4617 1884 2244 3062 4475 2314 1809 3438 4397 3098 1660 4070 3949 543 1232
4563 2235 1310 1830 926 278 1495 4158 4154 831 4144 1458 354 2573 3634 275 2501 327 4247 686
1790 3800 371 4375 4204 3458 599 3868 3204 1959 3864 3408 2226 3661 4 489 2702 4386 177 120
