831 4098 1126 2870 317 4526 4535 4629 3047 598 898 2364 1523 1296 1052 2418 1080 627 3484 3040
2682 2004 2048 535 700 3064 2964 4542 4943 48 4969 3670 4292 4507 1816 2743 1165 3980 262 3618
2681 2572 4666 3024 4383 744 3930 547 1713 3371 4593 1312 2152 145 292 3229 3695 2916 4329 1584
3001 119 4027 1047 1649 3542 3017 4134 1964 1688 3787 4029 1676 3049 4985 1809 1578 614 4496 278
1375 904 1715 4891 4519 432 1809 2034 2387 377 3102 3124 1589 313 207 4545 599 4876 254 839
2477 354 4698 216 2861 3695 3936 4415 1304 2924 1855 1209 1788 1734 3670 246 4223 3670 3540 249
831 2861 1241 677 3162 4558 65 2252 2852 3415 4965 1286 4475 2976 3670 3787 135 2916 3268 4907
566 321 2610 278 3859 4927 2203 3933 2314 3002 3930 2395 3980 3066 2328 2364 1711 1258 2305 4496
4004 2889 599 691 4127 668 489 384 4232 1586 1564 4893 4792 178 1339 935 2674 413 3218 1816
3066 1700 661 3975 4226 3842 2028 378 4577 1832 59 413 217 3765 73 2056 3138 4768 1358 3403
4004 1016 248 262 38 2314 2453 4043 3297 3625 1352 779 3930 1937 1713 4755 2203 744 489 48
4927 1563 2355 413 3334 1438 1697 4204 4226 3155 3954 2590 4493 1509 4372 3123 2274 2403 1016 1515
2763 4497 4353 451 972 3049 4936 2446 51 1203 3787 2502 535 1805 837 860 3958 4311 228 3721
696 1182 4987 2215 1883 2856 4722 1957 2901 1243 478 1867 4386 3297 2754 1002 2387 583 2989 963
3429 809 1522 1835 3930 3017 305 321 2226 1309 1884 4475 2111 2558 3629 3249 1371 3957 2672 2173
831 2311 2641 2244 2203 1019 4639 1894 1232 3017 2641 2506 3390 547 3634 3385 1578 1494 1950 2116
4004 1146 413 734 79 2783 4639 3667 1390 675 601 142 1309 328 272 413 2375 4783 142 4026
2563 675 278 1232 4428 3042 1641 4865 3252 4921 1898 570 1446 1166 3572 355 445 2135 4407 4734
1881 2909 2090 2088 692 2912 3274 4521 2885 714 4239 2156 1984 4404 1503 122 696 120 2723 4603
1835 3930 3498 3583 1494 1348 51 1075 1914 1089 1286 1746 492 417 4154 4 4794 1966 28 3156
1309 4816 164 2744 3599 1438 520 1381 1324 4519 2114 2887 1232 3274 1035 3702 4251 3109 2054 4347
1438 1214 3701 1801 2380 2674 1809 4391 4404 1809 3536 1269 503 3296 949 941 1080 2554 949 1975
1867 4414 4686 70 3765 3922 4375 4536 3695 1896 789 2291 2157 3560 3954 1214 4068 4971 1405 4837
1282 588 3916 29 4255 4264 4160 3326 1762 3467 2783 621 376 3942 359 716 879 2887 4032 2332
4557 2978 4398 3061 4876 3861 811 252 3494 689 3218 2748 3015 1654 2364 2181 3001 4 3688 571
2029 1885 3398 321 3349 3916 992 4705 779 4183 4 535 2976 3439 973 328 3218 2900 81 1835
861 2641 4766 4273 3190 2674 4201 3916 118 3178 4554 3185 3582 3456 2720 3185 4428 1043 3157 3027
831 3545 2418 1732 3688 4182 4022 447 4311 2845 2594 3002 3462 4475 3075 3204 1445 4536 4768 4372
4783 1454 121 3670 3963 2956 2682 323 214 2710 4405 3380 2226 4130 2418 3002 1487 1019 4387 1438
831 1501 1112 907 665 1318 3624 1080 4074 4223 3367 2890 1615 3064 1337 2987 4639 1641 3018 1640
4004 1358 4716 580 1737 1758 4828 2048 1352 265 3670 2116 996 3787 1511 4783 3933 209 1680 2558
1309 3930 43 3011 3930 4395 355 552 345 1298 1297 4762 266 1324 308 910 4536 865 4059 1726
3848 555 3827 4767 1904 2764 556 771 1713 1568 4014 2805 3729 3744 2119 2121 1252 3410 4750 317
1915 4404 1150 1644 4098 1080 1636 2578 2673 2364 3581 2248 4626 413 692 1852 1236 2332 62 2222
3610 2805 829 3493 3308 4626 4027 4445 639 139 4063 4290 2038 53 3379 3319 2916 2175 1765 4837
1309 1016 3634 1269 1391 3656 4682 1522 3673 4475 4475 3629 2563 696 3787 332 3073 1075 831 91
141 4325 3749 734 3665 1732 2137 970 1829 1061 179 3052 2203 2957 3292 3105 1673 3583 1181 528
4950 26 3911 108 1066 611 535 174 909 4 2671 1721 1874 1870 4672 1816 3297 317 3441 714
2919 3218 4442 2397 2324 1770 2759 2723 3510 1071 3901 166 4791 2838 1067 2760 4475 3695 2054 1504
1752 3229 2271 2936 1075 143 6 4558 3102 4908 1303 734 3629 357 4783 228 3003 770 1001 1267
3142 4578 3971 3118 1981 2385 3582 1953 3930 1286 2594 1019 3017 4519 570 823 1296 3398 70 3695
658 3963 1625 4997 4413 1080 684 915 4111 467 2671 1845 1080 3462 3396 3081 1676 4024 1309 413
1104 2072 4128 2036 2682 1717 1762 2054 2222 4545 2418 3766 744 3853 4808 560 4542 2572 3441 1564
2810 2210 959 2810 2131 3073 2547 3871 4501 2450 2835 865 860 3777 445 1769 4658 4269 345 2978
476 1741 4863 3443 3841 4340 1637 4404 1296 3751 1809 2288 4934 2049 134 780 2639 3871 3540 1359
831 831 1975 1442 4187 1799 3379 4908 1980 2082 2135 63 2649 4817 4066 3712 2396 3852 4292 4507
831 2418 541 919 355 2455 171 610 4967 775 2671 3634 4278 4545 661 4482 1749 1661 4264 535
4022 831 1309 3474 4864 1311 4027 2695 4169 780 2364 3984 3968 2171 215 498 2065 3204 4867 2418
831 4254 3198 2287 1634 4983 1019 2436 991 3202 4525 2919 3385 3049 2001 4843 3297 1287 665 413
1226 3648 4668 491 4201 491 1827 1937 2578 1311 4545 3593 123 3174 796 831 4687 3609 1296 2256
2601 2978 4414 343 4687 3871 811 3075 1129 4578 4877 91 861 4865 934 3079 3505 2892 96 105
2430 2351 1470 3787 1019 3017 3983 4963 750 837 694 4549 491 4658 2119 3670 2328 907 2844 1895
476 4459 2981 4870 1503 3680 2118 272 4521 228 4020 3014 580 3512 1930 2244 1016 1772 4264 4680
2864 4098 1015 4373 2762 2131 145 4828 695 1564 2626 4828 2222 1173 1075 4016 642 1158 3787 1020
1869 1045 1104 2795 1907 4745 4092 2801 3555 110 4850 2027 1393 3765 601 3297 3412 3433 4343 4239
4425 3727 3177 2226 558 2056 3911 2535 3456 2073 1457 3629 4259 404 4733 705 1532 3787 70 1752
1869 504 2583 3297 1953 831 345 2502 4190 3397 2601 2269 3765 864 4243 2252 3844 4260 1024 3699
831 876 3449 831 1764 2578 1544 3153 2225 943 1198 4177 357 3326 4694 1544 4025 570 3808 3815
292 1772 48 3091 489 3391 413 139 1071 1868 1799 1454 2919 2119 2170 2337 939 4981 323 813
3805 1202 3082 1649 4 3277 811 1103 3640 1882 1324 235 2287 3354 2059 521 1775 2500 4513 3377
2763 59 2125 2287 4098 3456 4098 145 1772 4987 4919 3650 4753 1444 445 1845 2978 4086 3942 1495
4252 3099 2252 2436 3613 489 2378 2131 3634 1016 164 2190 4225 2748 3724 2861 4991 2384 377 3572
1229 4116 3198 4814 3037 2953 973 342 3297 965 4634 2418 4913 2112 2683 145 2968 3774 3149 2499
164 90 4009 1777 1714 643 1075 955 3933 4014 4053 2387 3105 4336 4601 4372 2871 4475 4506 1573
