1576 1573 3036 4311 4264 1309 157 83 4811 307 2667 1722 1214 2573 2494 3845 4876 889 4327 808
2029 3231 4414 384 1438 3165 2462 4492 3751 4157 819 4542 1835 353 3014 873 4582 1386 1654 1119
4927 4364 4912 4859 354 2277 3469 491 3334 1036 565 2164 4522 1015 4694 3790 535 987 4558 973
1869 185 1640 2697 2402 3971 345 2463 2274 1080 3574 2804 1416 658 1260 4383 249 1916 2067 2077
4929 2029 3434 130 2517 3052 3243 85 3138 3373 4298 2543 2861 2763 2288 323 1522 4737 1337 3052
2402 2923 2982 3250 3570 1435 3495 2307 4408 338 357 3310 745 2578 129 266 80 4560 609 2158
2453 914 1740 1080 4726 1325 1300 4279 4391 4970 2835 2500 683 4915 1750 1867 70 3830 4468 2763
3001 315 3039 3462 4578 345 3022 1832 4864 2372 831 1298 2305 4876 2664 3643 1868 3688 2001 700
831 2461 2482 208 498 684 4183 1377 2164 4269 4522 3482 3239 1080 4890 4393 2671 156 504 492
2540 1031 4430 1432 21 4562 2832 714 4072 4436 235 2511 1136 70 1880 3842 3930 2081 2985 2594
606 1640 2873 650 1103 4687 2874 1760 4111 1080 1080 1128 3430 58 2226 4629 2131 4866 689 686
831 3996 1901 1713 4408 3653 2004 2561 2054 4502 2054 992 2331 111 2131 864 545 7 2121 3268
1749 1183 2418 2242 4601 1997 3390 3398 4122 2164 2375 359 2828 127 2127 413 1153 263 3930 3721
2815 842 3173 2244 3349 1676 1296 4753 3629 2818 4733 3694 1495 2127 1296 2641 3919 839 70 4558
959 2031 2181 2129 1157 4784 1893 1446 4318 4263 1503 1204 2516 831 3412 1051 1269 3462 2996 890
831 2754 4258 3653 3252 1358 4704 3688 3153 503 4780 4290 3901 1937 1534 4834 4582 2782 48 4318
1438 3405 1389 174 5 1786 4717 494 1908 1443 4538 811 2964 831 3218 2460 2564 4453 1112 3156
831 3064 3940 3059 789 1211 105 75 1981 2455 2244 745 4821 1371 3915 689 4038 3385 2042 2356
831 1467 70 2964 3670 1347 120 1131 4247 1673 4970 1123 1740 2418 3652 4774 3398 3808 2181 1031
3458 2874 2131 2314 4927 2226 2375 2226 535 3996 392 3247 2059 1505 1412 4259 1376 1319 2760 3297
831 2033 4710 4608 1194 236 1080 3089 2364 2017 3091 2235 2352 3975 3429 2177 3395 1267 1845 1080
1269 4031 91 1350 3801 3487 1215 1855 1173 2364 489 2077 677 2131 2461 145 2916 541 4164 1310
3462 4386 3599 2268 2082 1395 40 3458 1080 2940 384 4735 4978 948 4612 4783 3510 225 961 2892
831 3036 4972 3230 4854 320 2783 4975 4811 3245 1042 3206 497 1123 2580 143 413 4876 2671 2856
493 1999 4181 2073 143 3049 2723 1762 599 760 3985 2418 1769 4225 2210 1080 1809 1982 4414 1016
831 2776 2135 1665 2477 4831 219 3639 2842 4201 1622 1737 1832 2455 2301 2244 1595 4944 2130 4016
2323 3990 2203 1182 1309 3845 3711 3049 4391 3247 2554 52 748 4012 1027 1622 2512 1070 4882 2333
1908 3801 12 4391 2424 543 1673 2297 2656 1140 3049 413 1901 1023 1835 2417 1594 837 1049 3152
831 4254 1003 4840 4085 1698 2777 2144 48 541 176 1634 2802 4372 2135 1232 4080 1301 3699 2252
831 4304 2473 1296 1103 1762 4268 421 14 43 3508 543 2333 2603 661 3295 4450 78 969 3603
408 535 3297 90 1027 421 4154 4200 2130 3007 3044 1331 2418 2812 2909 1944 1016 4907 470 3353
1809 2540 448 298 29 1131 3396 3553 446 738 1809 3673 156 254 4780 2181 1648 3080 1435 2048
831 295 3002 1269 317 1771 2617 1059 1198 689 2751 141 3957 4049 535 806 3906 2985 4440 3984
831 2539 1080 3313 2312 831 3822 831 831 1799 1778 2040 2488 2671 4032 4057 4988 1109 1002 1654
2721 2663 3937 2325 149 4269 1071 4387 3390 3456 4074 1797 2190 795 4404 413 371 3930 2081 2604
745 3984 1045 4443 2410 1038 831 831 2109 12 1061 831 831 831 3274 151 4726 4854 2362 2058
831 1006 2364 343 4783 4783 1758 2848 1128 2435 547 376 2418 3974 875 992 4441 947 1889 2626
831 4671 2963 2631 4537 1652 461 1203 3985 2347 2364 1293 2458 2135 1533 3390 2460 4024 4570 1252
1282 4369 1937 4063 856 1277 2226 2409 1472 4003 633 1838 2538 947 4876 565 2054 819 3469 394
831 2766 445 359 2364 2889 689 3319 3566 1557 491 445 3695 1638 535 2156 3060 345 1243 831
831 1467 1325 3412 3850 864 3025 1300 839 3209 321 2364 1421 917 3912 3195 2772 3297 1740 1503
831 2370 2220 1045 3669 2446 125 4917 1740 2045 317 2634 3354 999 3319 483 2054 3896 4426 688
3149 2376 3028 4099 4381 831 2499 1488 1357 4164 4226 2308 2956 1049 1792 2378 2765 4970 1080 1019
831 385 1357 4687 1807 1851 4103 1967 3636 689 813 2364 4247 1030 2978 2996 1269 1831 4602 4623
831 70 3008 2314 4041 1097 3030 2547 714 2605 1294 3871 3930 1760 2301 780 1778 996 2279 2148
831 2450 4588 4164 4050 3681 91 2723 2124 1460 2188 3422 3491 1951 2353 4501 208 1080 3625 725
4241 3538 4527 2996 450 211 1442 489 2672 3062 262 3297 6 902 2370 4161 4 3721 4267 2460
2599 1809 924 589 4050 198 120 1112 1472 156 4014 4602 779 3014 2378 839 4706 831 1393 4615
4425 2572 4737 16 4050 2030 3151 1309 2293 4157 1337 1564 4885 2682 554 1374 1342 2396 4892 4424
1481 4917 1080 1809 528 4269 684 4327 1867 3538 1880 3335 3322 4062 2573 3701 413 957 3199 3656
3916 2414 3018 1296 4783 1950 3292 2077 4014 592 4123 1713 2507 2034 2940 1863 2832 3142 23 394
831 621 4200 1598 91 1567 1324 2933 3529 3879 4003 1442 44 3707 4803 3313 3605 2723 3033 4375
2453 1347 633 3296 3910 3277 2059 3805 1523 4086 4896 2722 4270 4063 1292 4164 118 602 2785 4733
831 4254 2759 4381 183 1201 770 2502 388 4264 3937 4014 4533 3386 4867 174 2967 467 1532 1725
1049 53 1296 121 3218 4621 1060 3010 4927 3431 2603 4560 305 1660 4293 164 1142 1578 3694 3593
4742 48 217 151 3787 4720 3024 4122 811 3530 3386 2742 1119 672 1019 4389 335 3930 1477 3049
1214 3011 2964 413 689 3223 2380 3390 4372 539 2723 2364 1309 2131 839 270 1676 3661 4252 974
831 3456 3505 3980 4404 3456 4769 3030 1980 3984 820 3297 734 3334 4623 627 3053 1080 1720 504
4329 1684 2578 4258 3646 1321 4388 3386 2147 1305 3837 1019 842 4154 2436 4329 3387 4702 2244 3167
831 4943 831 66 1855 3085 2981 93 2190 2203 3025 2187 1252 571 959 4504 647 3712 2301 1649
3308 4545 3963 3296 4636 3118 2612 110 1019 79 2558 4831 839 133 2404 1052 3049 580 4526 668
335 3930 4340 577 1049 334 4813 1713 3845 3015 4358 315 846 431 535 2279 1673 2135 2292 3593
831 99 1613 3229 962 831 611 209 3680 3877 1563 729 1309 1641 2513 4519 228 1446 1937 2633
1835 535 3319 734 1051 4425 3664 1730 2364 2492 4177 1492 760 90 2054 2828 86 4927 2726 4902
