1619 3914 2373 3014 2373 2830 2817 4990 800 1286 100 800 1286 100 800 1286 100 800 1286 100
1619 3914 2373 3014 2373 2830 2817 4990 800 1286 100 800 1286 100 800 1286 100 800 1286 100
1619 3914 2373 3014 2373 2830 100 2817 4990 800 1286 100 800 1286 100 800 1286 100 800 1286
1619 3914 2373 3014 2373 2830 2817 4990 800 1286 100 800 1286 100 800 1286 100 800 1286 100
1619 3914 2373 3014 2373 2830 2817 4990 800 1286 100 800 1286 100 800 1286 100 800 1286 100
1619 3914 2373 3014 2373 2830 2817 4990 800 1286 100 800 1286 100 800 1286 100 800 1286 100
1619 3914 2373 3014 2373 2830 2817 4990 800 1286 100 800 1286 100 800 1286 100 800 1286 100
1619 3914 2373 3014 2373 2830 2817 4990 800 1286 100 800 1286 100 800 1286 100 800 1286 100
1619 3914 2373 3014 2373 2830 2817 4990 800 1286 100 800 1286 100 800 1286 100 800 1286 100
1619 3914 2373 3014 2373 2830 2817 4990 800 1286 100 800 1286 100 800 1286 100 800 1286 100
1619 3914 2373 3014 2373 2830 2817 4990 800 1286 100 800 1286 100 800 1286 100 800 1286 100
1619 3914 2373 3014 2373 2830 2817 4990 800 1286 100 800 1286 100 800 1286 100 800 1286 100
1619 3914 2373 3014 2373 2830 2817 4990 800 1286 100 800 1286 100 800 1286 100 800 1286 100
1619 3914 2373 3014 2373 2830 2817 4990 800 1286 100 800 1286 100 800 1286 100 800 1286 100
1619 3914 2373 3014 2373 2830 2817 4990 800 1286 100 800 1286 100 800 1286 100 800 1286 100
1619 3914 2373 3014 2373 2830 2817 4990 800 1286 100 800 1286 100 800 1286 100 800 1286 100
1619 3914 2373 3014 2373 2830 2817 4990 800 1286 100 800 1286 100 800 1286 100 800 1286 100
1619 3914 2373 3014 2373 2830 2817 4990 800 1286 100 800 1286 100 800 1286 100 800 1286 100
1619 3914 2373 3014 2373 2830 2817 4990 800 1286 100 800 1286 100 800 1286 100 800 1286 100
1619 3914 2373 3014 2373 2830 2817 4990 800 1286 100 800 1286 100 800 1286 100 800 1286 100
1619 3914 2373 3014 2373 2830 2817 4990 800 1286 100 800 1286 100 800 1286 100 800 1286 100
1619 3914 2373 3014 2373 2830 2817 4990 800 1286 100 800 1286 100 800 1286 100 800 1286 100
1619 3914 2373 3014 2373 2830 2817 4990 800 1286 100 800 1286 100 800 1286 100 800 1286 100
1619 3914 2373 3014 2373 2830 2817 4990 800 1286 100 800 1286 100 800 1286 100 800 1286 100
1619 3914 2373 3014 2373 2830 2817 4990 800 1286 100 800 1286 100 800 1286 100 800 1286 100
1619 3914 2373 3014 2373 2830 2817 4990 800 1286 100 800 1286 100 800 1286 100 800 1286 100
1619 3914 2373 3014 2373 2830 2817 4990 800 1286 100 800 1286 100 800 1286 100 800 1286 100
1619 3914 2373 3014 2373 2830 2817 4990 800 1286 100 800 1286 100 800 1286 100 800 1286 100
1619 3914 2373 3014 2373 2830 2817 4990 800 1286 100 800 1286 100 800 1286 100 800 1286 100
1619 3914 2373 3014 2373 2830 2817 4990 800 1286 100 800 1286 100 800 1286 100 800 1286 100
1619 3914 2373 3014 2373 2830 2817 4990 800 1286 100 800 1286 100 800 1286 100 800 1286 100
1619 3914 2373 3014 2373 2830 2817 4990 800 1286 100 800 1286 100 800 1286 100 800 1286 100
1619 3914 2373 3014 2373 2830 2817 4990 800 1286 100 800 1286 100 800 1286 100 800 1286 100
1619 3914 2373 3014 2373 2830 2817 4990 800 1286 100 800 1286 100 800 1286 100 800 1286 100
1619 3914 2373 3014 2373 2830 2817 4990 800 1286 100 800 1286 100 800 1286 100 800 1286 100
1619 3914 2373 3014 2373 2830 2817 4990 800 1286 100 800 1286 100 800 1286 100 800 1286 100
1619 3914 2373 3014 2373 2830 2817 4990 800 1286 100 800 1286 100 800 1286 100 800 1286 100
1619 3914 2373 3014 2373 2830 2817 4990 800 1286 100 800 1286 100 800 1286 100 800 1286 100
1619 3914 2373 3014 2373 2830 2817 4990 800 1286 100 800 1286 100 800 1286 100 800 1286 100
1619 3914 2373 3014 2373 2830 2817 4990 800 1286 100 800 1286 100 800 1286 100 800 1286 100
1619 3914 2373 3014 2373 2830 2817 4990 800 1286 100 800 1286 100 800 1286 100 800 1286 100
1619 3914 2373 3014 2373 2830 2817 4990 800 1286 100 800 1286 100 800 1286 100 800 1286 100
1619 3914 2373 3014 2373 2830 2817 4990 800 1286 100 800 1286 100 800 1286 100 800 1286 100
1619 3914 2373 3014 2373 2830 2817 4990 800 1286 100 800 1286 100 800 1286 100 800 1286 100
1619 3914 2373 3014 2373 2830 2817 4990 800 1286 100 800 1286 100 800 1286 100 800 1286 100
1619 3914 2373 3014 2373 2830 2817 4990 800 1286 100 800 1286 100 800 1286 100 800 1286 100
1619 3914 2373 3014 2373 2830 2817 4990 800 1286 100 800 1286 100 800 1286 100 800 1286 100
1619 3914 2373 3014 2373 2830 2817 4990 800 1286 100 800 1286 100 800 1286 100 800 1286 100
1619 3914 2373 3014 2373 2830 2817 4990 800 1286 100 800 1286 100 800 1286 100 800 1286 100
1619 3914 2373 3014 2373 2830 2817 4990 800 1286 100 800 1286 100 800 1286 100 800 1286 100
1619 3914 2373 3014 2373 2830 2817 4990 800 1286 100 800 1286 100 800 1286 100 800 1286 100
1619 3914 2373 3014 2373 2830 2817 4990 800 1286 100 800 1286 100 800 1286 100 800 1286 100
1619 3914 2373 3014 2373 2830 2817 4990 800 1286 100 800 1286 100 800 1286 100 800 1286 100
1619 3914 2373 3014 2373 2830 2817 4990 800 1286 100 800 1286 100 800 1286 100 800 1286 100
1619 3914 2373 3014 2373 2830 2817 4990 800 1286 100 800 1286 100 800 1286 100 800 1286 100
1619 3914 2373 3014 2373 2830 2817 4990 800 1286 100 800 1286 100 800 1286 100 800 1286 100
1619 3914 2373 3014 2373 2830 2817 4990 800 1286 100 800 1286 100 800 1286 100 800 1286 100
1619 3914 2373 3014 2373 2830 2817 4990 800 1286 100 800 1286 100 800 1286 100 800 1286 100
1619 3914 2373 3014 2373 2830 2817 4990 800 1286 100 800 1286 100 800 1286 100 800 1286 100
1619 3914 2373 3014 2373 2830 2817 4990 800 1286 100 800 1286 100 800 1286 100 800 1286 100
1619 3914 2373 3014 2373 2830 2817 4990 800 1286 100 800 1286 100 800 1286 100 800 1286 100
1619 3914 2373 3014 2373 2830 2817 4990 800 1286 100 800 1286 100 800 1286 100 800 1286 100
1619 3914 2373 3014 2373 2830 2817 4990 800 1286 100 800 1286 100 800 1286 100 800 1286 100
1619 3914 2373 3014 2373 2830 2817 4990 800 1286 100 800 1286 100 800 1286 100 800 1286 100
