2450 1109 3505 3984 145 369 4850 2121 2665 3558 1037 209 3472 1937 1501 3456 1308 1052 1150 2723
3873 2864 2364 2064 4783 3838 4808 2745 2695 3942 1532 491 2128 1049 4672 4472 3583 633 3218 3165
4549 3697 445 1154 2098 985 91 1767 4885 3838 4086 1857 545 3142 1028 1886 1668 4806 2255 1267
4425 2697 2816 1610 2380 1595 613 3305 1625 2747 2035 3398 1777 2396 1154 420 3009 4177 744 2450
2671 3792 3960 2121 2447 778 3185 249 4381 1380 3624 961 2746 3815 1027 2140 4183 4523 4895 2125
2671 4950 535 2626 2166 3930 535 1799 2272 3939 839 4063 3634 4166 3583 4754 157 1407 3581 4264
413 2054 61 2270 1855 4670 1762 810 1442 4708 72 337 3933 171 4542 439 4119 4985 4554 75
1049 2976 2276 3367 143 2395 2403 1510 2765 531 2131 178 3688 1 2430 4876 4732 4558 3879 2940
4252 1937 4646 3635 831 1885 1795 3218 2380 543 2418 4574 4086 545 3462 2049 3297 3456 4292 2750
2074 3015 4404 3082 4867 334 3015 413 2054 120 1024 4726 4428 3960 2181 4170 3842 1962 1507 4482
758 4037 2418 70 172 1897 3377 209 4903 4617 1438 1912 2545 278 2879 4981 217 567 4298 72
831 4468 2364 3171 3540 2131 4425 1446 2695 2239 3322 864 4032 1307 4533 2203 1625 3185 3808 4397
3148 1832 1980 2830 3626 700 4437 3154 4541 4519 4868 1112 4372 53 2815 2265 2253 336 3787 880
1465 142 1770 4014 1080 689 3319 3043 1321 4735 2054 215 3799 3163 4318 3919 1080 1809 23 1974
1309 2447 1220 1579 4446 317 2459 2316 1454 3297 2054 2627 2854 4392 2034 3075 141 4164 1809 3787
2671 1874 4251 3570 4038 3583 4409 2641 1296 4122 1937 2119 2164 3673 926 744 109 552 1602 2671
831 4754 2460 3652 1128 2069 4943 1303 1869 4312 3977 4769 345 1298 1360 3574 299 2385 2671 4228
2511 2828 3222 405 4873 906 1867 70 2011 2065 4098 4342 4783 3297 3433 1105 91 4 4318 52
831 4746 700 816 408 701 202 4358 1347 1466 2446 1154 3222 2700 3787 1359 2446 1308 2807 3434
1049 1750 2523 2682 3635 4664 4672 2235 445 4264 4924 3240 4086 1309 1870 4375 1080 3984 145 1606
4099 519 4997 352 2081 2230 4143 91 1200 3556 3466 2723 1487 2682 2286 476 1310 1712 3296 2434
831 213 1446 484 4535 543 4063 1983 1857 4985 2794 4414 7 2864 4098 3156 4900 1640 210 4582
1070 4053 3942 1220 504 773 479 4507 4831 4496 3711 2267 656 1001 796 2922 4189 2156 4428 4164
2292 4037 4578 4216 3084 2333 2082 4543 838 1490 775 2631 4828 4375 1511 2135 413 3109 3947 4738
3930 3498 1912 4747 359 831 3102 4639 445 1980 4489 4000 2393 4364 4473 4726 1016 1937 3418 3866
831 4415 1837 4808 4472 2054 233 3332 4456 1104 2729 3533 2711 3583 4252 3297 1027 4629 1080 4920
145 4582 1980 4318 775 842 622 3395 1243 3087 3209 240 1080 1880 50 3151 444 3681 4036 3552
831 599 489 917 2547 3044 3988 648 312 3010 4012 2048 905 4252 720 1202 2091 3864 2364 1309
2450 1760 4290 4783 80 4671 648 1683 1673 458 3635 3297 585 714 4661 947 3670 4393 2738 716
831 3263 2574 1385 244 4359 1826 1129 4640 1917 2549 4375 1016 1434 3099 3001 3957 1682 233 3735
4950 1253 599 3017 2373 2103 996 685 2856 2054 1421 1835 1016 1488 4900 3051 4 1298 4780 1939
4983 1734 1758 3389 4732 1888 4876 3153 2700 2542 1313 3240 9 2374 4755 2968 2922 1136 2723 3680
807 1280 2378 1917 270 4664 480 3948 1367 2672 2316 3233 1511 4293 2131 1183 914 278 733 1598
3252 305 2027 2604 1470 3793 2644 1319 4408 2047 665 1894 3585 359 689 4594 4196 2545 3297 734
4043 4531 2235 4252 2364 599 1133 2351 4475 1713 4694 2000 4404 4553 3933 384 583 3017 4666 2602
1645 1805 4239 2131 1640 3075 3670 2590 3530 1792 1894 4323 2956 864 504 2279 4264 4404 2135 4264
4408 1215 3881 3641 357 1218 3574 1574 127 3326 4555 3497 4078 3049 1616 3960 1613 328 570 442
2181 377 4177 4843 3975 3222 4201 2763 716 1136 2351 4122 1895 4629 4931 1711 2054 718 2701 1347
1305 3930 4827 138 4264 4784 2226 535 345 120 111 3502 1080 3942 543 2671 3873 4798 2533 4043
1835 4069 1269 3779 119 4408 565 2682 4375 2059 4157 1888 6 1174 3653 3635 1961 949 3975 3064
831 2252 2244 4602 2203 328 3390 2259 2839 1019 1602 3488 1360 394 1994 1763 3139 2259 775 1470
461 3218 4471 1435 1237 1845 1809 1094 4264 48 2203 1816 4372 696 3837 312 1323 2417 308 1953
4425 2039 1880 3742 2528 126 4539 141 1434 3763 2332 4768 4500 3980 476 278 813 4879 2181 1315
744 1049 1753 535 2626 2368 2760 4206 2121 4012 4549 3491 656 3106 135 2395 829 574 3618 4388
831 4252 813 1332 145 3702 484 3367 1732 2002 4636 2427 2564 1198 4104 1347 2765 921 3729 2409
4783 1042 2039 4931 1309 4404 1879 2372 2203 2434 4063 2919 3908 1071 3930 2590 4827 498 4158 3721
831 2933 2418 4868 1123 3993 3619 3984 2203 4477 4145 1 4304 59 3494 2502 353 413 1047 974
811 3398 402 209 4355 2611 1347 413 4969 345 2246 80 278 2543 171 831 690 52 2802 3554
1309 491 4907 1422 3873 4387 4917 1080 3302 1809 2364 2073 3629 321 135 839 3634 3593 4397 4629
1309 981 734 3871 2662 3057 3808 3644 4252 599 4398 1697 3946 4492 2694 3386 4264 1182 2375 413
3684 4932 352 1309 3339 2828 3831 1296 4742 3218 3029 535 2375 3664 4099 1080 3987 968 3386 3980
2626 2148 1070 656 3168 4501 4508 2325 1713 2396 2735 4414 409 4428 3587 2303 4957 1123 4246 90
758 3984 647 3634 3181 245 1396 3249 3670 3870 4629 3137 2214 4 746 3850 4028 973 4720 2801
4991 1128 3373 3726 2368 4975 4977 1945 839 2831 1282 1816 4119 4163 3274 1315 3831 3386 1919 1885
1438 4030 2315 3572 3868 3864 1937 2418 1732 164 4297 2338 2964 2 4264 2368 1309 4195 557 4605
1495 3367 2787 1302 2409 308 308 1688 3191 2888 2271 2861 3594 413 3922 3218 1232 535 2929 1943
4733 563 1227 145 1811 1723 3643 2882 970 2759 1775 1319 3698 3581 4824 4173 1196 2218 3837 2636
831 544 247 4670 4755 1976 2996 1522 535 2883 1590 157 3014 3695 3458 4425 4983 1868 2364 1040
4271 3471 3142 59 2940 3957 217 2682 3456 1051 973 2331 2916 318 445 3047 745 1778 2334 3930
2453 1260 554 4069 851 4269 1019 1311 2888 1325 4252 3907 359 1269 2865 580 156 3712 2375 4183
3912 3669 1080 4295 1697 3333 3283 4570 973 565 1754 3983 4671 4948 3292 3330 3409 4828 1266 4036
2098 2459 1713 2203 1937 2500 543 4644 2766 1889 3218 4978 3930 3252 2088 1232 3572 3787 4769 668
2919 1688 2181 3539 504 3609 4475 4046 4032 2032 1465 174 516 4418 4383 3001 3208 1964 4915 146
2450 4726 4380 354 4912 4269 2253 195 349 2474 2810 2481 1296 476 2979 2671 4806 3206 2486 4966
