1619 3914 2373 3014 2373 2830 2817 4990 800 3839 2817 800 1910 626 626 626 626 626 626 626
1619 3914 2373 3014 2373 2830 2817 4990 800 100 800 821 165 100 2711 165 4946 1846 2373 165
1619 3914 2373 3014 2373 2830 2817 4990 800 4826 1696 821 165 100 1628 800 1846 2373 2373 2830
1619 3914 100 100 1696 800 1286 100 800 1286 100 800 1286 100 800 1286 100 800 1286 100
1619 3914 2373 3014 2373 2830 2817 4990 800 463 1286 2711 165 1846 443 626 626 626 626 626
1619 3914 3156 100 800 100 100 1696 2817 1567 800 463 1286 800 1286 100 800 2817 4990 800
1619 3914 2373 3465 800 463 1286 2258 821 165 4946 165 1846 3675 1846 2373 4946 100 100 1696
1619 3914 2373 2508 165 4946 1846 3156 2373 2830 1286 100 2817 4990 1286 2817 4990 800 2350 2373
1619 3914 3156 100 800 261 100 100 1696 800 1286 100 800 1286 100 1696 4383 800 4475 3466
1619 3914 2373 3014 2373 2830 2817 4990 800 4383 1286 1286 100 800 1286 100 800 1286 100 1696
1619 3914 2373 3014 2373 2830 2078 800 1286 100 800 1286 100 800 1286 100 800 1286 100 800
1619 3914 2373 3014 2373 2830 2817 4990 800 463 1286 4797 800 800 1846 2373 165 1696 1286 100
1619 3914 2373 3014 2373 2830 2817 4990 800 4895 165 2352 4418 2373 2830 2817 4990 800 4426 3202
1619 3914 2373 1388 2558 800 2830 800 3424 1696 1421 2137 800 3682 4223 626 626 626 626 626
1619 3914 2373 3014 2373 2830 2817 4990 800 4219 800 800 1286 2373 2830 2817 4990 800 877 113
1619 3914 2373 1388 1846 1855 100 1696 100 1696 1286 100 800 1290 100 800 463 1286 3435 1696
1619 3914 2373 3014 2373 2830 2817 4990 800 3828 800 428 1846 2373 2807 2078 1696 169 626 626
1619 3914 2373 3014 2373 2830 2817 4990 800 4288 800 800 1804 800 1446 165 1696 4245 800 4134
1619 3914 2373 3014 2373 800 463 1286 3219 626 626 626 626 626 626 626 626 626 626 626
1619 3914 2373 3014 2373 2830 2817 4990 800 4906 1286 821 165 100 800 100 100 1696 327 100
1619 3914 2373 463 1286 100 800 1286 100 100 1696 100 800 2817 4990 800 4292 100 800 3682
1619 3914 2373 3014 2373 2830 2817 4990 800 4383 1286 626 626 626 626 626 626 626 626 626
1619 3914 2373 3014 2373 2830 2817 4990 1286 100 800 1619 626 626 626 626 626 626 626 626
1619 3914 2373 2830 2817 4990 800 3682 3283 626 626 626 626 626 626 626 626 626 626 626
1619 3914 2373 3014 2373 2830 2817 4990 800 1005 626 626 626 626 626 626 626 626 626 626
1619 3914 2373 1155 1846 1846 1846 2373 626 626 626 626 626 626 626 626 626 626 626 626
1619 3914 3156 100 800 100 100 800 3682 165 4946 1846 488 3405 2373 165 165 1846 2373 2830
1619 3914 2373 2678 1696 1396 100 800 1286 100 800 100 100 800 179 1846 3156 100 1770 626
1619 3914 2373 3014 2373 2830 2817 4990 800 4597 800 800 3682 165 1696 1846 100 100 1696 3244
1619 3914 2373 1824 800 463 1286 4426 2626 204 1286 100 626 626 626 626 626 626 626 626
1619 3914 2373 3014 2373 2830 2817 4990 800 1688 800 4675 113 800 800 3682 165 4946 4805 1846
1619 3914 2373 1388 1619 1619 3914 100 800 1286 100 800 800 1286 100 100 1696 1286 2494 1286
1619 3914 2373 2830 2817 4990 800 3682 4081 626 626 626 626 626 626 626 626 626 626 626
1619 3914 2373 3014 2373 2830 2817 4990 800 2247 800 1286 100 800 1286 100 800 1286 100 800
1619 3914 2373 3014 2373 2830 2817 3466 3466 626 626 626 626 626 626 626 626 626 626 626
1619 3914 2373 3014 2373 2830 2817 4990 800 1286 2754 800 1737 626 626 626 626 626 626 626
1619 3914 2373 2830 2817 4990 800 1110 698 165 2817 4990 800 1846 3156 100 800 366 100 2830
1619 3914 2373 2373 2830 2817 4990 800 1286 100 800 1286 100 800 1286 100 800 1286 100 800
1619 3914 2373 1494 3466 626 626 626 626 626 626 626 626 626 626 626 626 626 626 626
1619 3914 100 100 1696 800 1968 2713 1154 165 225 1846 1696 4939 1846 2373 560 800 1286 1696
1619 3914 2373 3014 2373 2830 2817 4990 800 1286 100 800 1286 352 100 800 463 800 1846 1696
1619 3914 2373 1388 845 800 982 800 100 100 100 1696 100 800 3682 165 4946 1846 690 1286
1619 3914 2373 3014 2373 2830 2817 4990 800 1370 113 1628 800 800 4219 100 1628 2373 2830 2817
1619 3914 3156 100 100 1696 800 1286 100 800 4080 2188 800 463 1286 800 1286 100 800 3682
1619 3914 2373 4225 165 1846 934 3466 1865 626 626 626 626 626 626 626 626 626 626 626
1619 3914 3156 100 800 3538 4632 2354 2830 1696 2711 1286 3712 800 800 1286 100 800 463 1286
1619 3914 2373 3014 2373 2830 2817 4990 800 4383 1846 4948 626 626 626 626 626 626 626 626
1619 3914 2373 1080 2373 2830 2817 4990 800 4383 800 800 1619 100 800 1814 626 626 626 626
1619 3914 3156 100 100 1696 800 463 1286 639 100 800 1286 100 800 1286 100 800 1286 100
1619 3914 3156 100 800 463 1286 2637 800 3789 113 1628 800 1286 100 100 1696 800 4426 2830
1619 3914 2373 3014 2373 2830 2817 4990 800 1286 100 100 1696 2538 626 626 626 626 626 626
1619 3914 2373 234 821 165 1846 2373 2373 2830 2817 4990 800 1286 2373 800 1846 100 100 1696
1619 3914 2373 3988 2373 2810 100 2078 100 800 800 3682 165 4946 4216 2654 165 4946 165 4946
1619 3914 2373 3014 2373 2830 100 2817 4990 800 808 2078 800 3682 1286 1286 2817 4990 800 4219
1619 3914 2373 3014 2373 3014 2373 2830 2817 4990 800 1286 1628 800 800 463 1286 169 100 800
1619 3914 2373 3014 2373 2830 2817 4990 800 4288 100 800 1286 100 800 3156 100 800 2209 800
1619 3914 2373 2125 165 1846 2373 165 4946 1846 2373 2830 2817 4990 800 1846 2373 2830 2078 165
1619 3914 2373 3014 2373 2830 2817 4990 800 312 800 1286 100 800 1286 100 800 1824 800 463
1619 3914 2373 3014 2373 2830 2817 4990 800 1286 100 100 1696 100 800 1286 100 800 1286 100
1619 3914 2373 3014 2373 2830 2817 4990 800 4277 1696 1696 100 800 1286 100 800 463 1286 2673
1619 3914 2373 3014 2373 2830 2817 4990 800 1286 100 800 1286 100 800 4383 4383 626 626 626
1619 3914 2373 1388 2843 1789 4156 100 1628 800 1286 100 2373 2830 2817 4990 800 3222 1480 800
1619 3914 3156 100 800 1286 100 800 1286 100 100 1696 100 800 1286 100 800 541 3466 800
1619 3914 2373 3014 2373 2830 2817 4990 800 4383 626 626 626 626 626 626 626 626 626 626
