792 1892 4795 1045 4819 1954 834 1993 1879 1928 3312 2871 461 908 3001 113 3770 4805 4995 2989
947 1392 4269 4245 934 2865 3936 889 2974 2285 617 3435 822 4134 4788 3211 958 1692 3150 2267
755 619 3127 2745 4990 47 1894 171 2094 3047 2358 883 2959 3863 3694 1286 1155 1446 3814 2930
1283 3211 2160 1565 1995 2580 3681 1036 442 541 1294 4026 1837 217 2913 98 4540 1160 2446 15
2105 4023 4955 2632 4669 1832 169 626 4597 1264 3337 745 1739 1699 4978 1571 165 1286 3289 3339
3723 959 3984 3172 3959 144 2242 2699 839 4496 2749 3853 1616 1617 1579 1696 3708 2799 2199 2609
1628 1742 1286 1462 1923 538 2657 4230 3708 4 881 2048 169 2771 2702 1147 2946 4727 3785 2353
3038 3919 4610 463 366 1141 2368 4802 1472 1079 2860 4589 3219 2922 4931 3875 1770 3147 540 113
2735 4324 2597 1696 3342 4568 1034 4314 2795 4019 4754 1278 1612 4574 3222 538 2808 4955 597 4751
870 3696 1846 385 2116 355 237 1232 4966 408 2754 2254 3641 30 325 2973 306 3951 2254 541
3741 2378 626 3479 10 392 3333 3239 2611 191 4895 2864 3769 1677 4632 1971 3385 1485 2911 3916
4232 2462 3156 4597 1782 465 2177 2088 62 3115 3812 2367 1606 3825 2911 4012 3258 4398 1883 3092
1619 317 1289 2183 4860 2105 1160 3477 3096 626 739 1731 3286 1453 597 4315 3825 4691 2118 934
1565 2138 746 3251 4818 2514 645 4473 4824 1824 3498 877 462 955 2097 1917 2758 3344 2815 125
3364 982 2350 4139 947 148 2402 2446 2611 1239 4245 4795 3656 1336 4632 3362 1109 32 4555 4549
1619 3819 4765 2569 155 2178 1813 955 3399 2729 877 1568 1196 323 3575 2022 1617 700 3061 4834
4751 1499 4931 3681 4012 746 756 1200 774 1286 4317 1628 2663 2096 2257 752 1205 2038 4573 3222
2118 3789 4383 3591 4108 3902 3285 554 2553 3251 4468 2353 2373 1286 1616 4909 3481 1564 453 2925
4586 2176 1481 3116 1748 2508 609 2783 2087 1286 74 3700 2627 3478 3172 1906 4426 605 1447 263
2911 4232 586 4223 2647 1455 1629 1045 261 955 2817 1155 282 1642 4966 4142 3624 260 1865 4241
4322 4632 2352 4103 1255 4053 3284 821 1895 4830 4426 2192 2787 3337 1453 821 1043 130 3549 4795
2650 1787 498 2356 3846 4875 2247 2436 1005 3488 4762 3970 707 165 3945 2283 1697 595 1570 1595
3675 4364 4964 182 1394 4428 4323 2817 1431 1499 2967 499 2943 419 2637 3984 441 3172 3463 3863
2911 399 4308 2613 4410 1473 3486 4874 4347 2196 4515 962 907 1214 2841 124 734 1339 698 4626
473 3427 463 959 4744 1394 4216 1892 4711 2655 2353 924 4162 210 74 2257 955 3261 2569 1832
3348 100 1097 1398 63 255 2895 2611 2046 4428 1385 4990 4915 1148 3039 1392 4561 3551 3688 3969
1533 4751 4317 2167 626 1392 1452 3467 1567 3322 3808 4138 4835 1996 4134 3807 100 3378 4134 463
1619 2925 4468 422 1470 3681 1364 3863 430 465 4632 4367 1161 2441 4401 2741 1037 2795 4764 1379
3236 4676 947 4718 4283 2569 2885 2099 2336 223 2281 2629 1691 121 3418 1906 126 892 2885 1430
173 1234 576 1565 4398 4531 3873 4359 4244 2931 3815 4812 4626 2224 84 384 997 4753 1270 1160
2911 2611 3808 3583 3903 3789 2081 3844 4803 1178 3618 3984 3073 3368 2763 463 3300 3108 2772 3262
2295 3952 2693 2178 2246 1363 3979 2497 1117 4195 2436 4978 587 963 1264 3433 1669 3565 2094 2913
3710 3065 955 1230 1859 2897 3115 2228 620 1324 451 465 1833 3984 3872 82 1 3352 2354 2078
2372 3909 191 1872 1381 87 1053 2105 2395 4022 4700 3610 593 2356 1286 1700 4372 3035 1479 3713
1619 2188 1544 3509 4597 374 493 82 1799 2929 956 2378 4787 3071 2254 4816 1894 2145 625 3048
373 4026 3122 1465 939 3667 3826 2396 4048 2423 1696 2702 3555 4301 1872 1700 4657 2665 2395 4520
1740 3272 3792 1678 4428 1784 3048 3086 3947 397 4255 1401 3837 334 4597 4049 1838 4653 1729 3048
3348 1743 1504 1613 1956 4798 3368 2762 4066 3011 3875 1969 492 3373 1872 2486 103 4746 113 679
4703 1993 4216 1960 97 3127 1215 2786 2257 2657 3568 1107 3240 1666 2974 1913 2569 4597 4778 4216
870 738 4971 2352 747 2099 3533 821 4503 465 4199 498 2441 1874 3132 784 463 4517 3947 29
1012 3174 1205 4762 1565 422 2758 4108 3831 3253 712 4142 1996 1690 1715 3899 3800 1394 4861 3816
4008 2400 813 1480 4216 4 3342 1400 1637 1912 2665 3105 3466 3681 1433 378 690 1906 4266 82
2911 2553 3752 738 2711 854 1739 1696 2754 1993 3535 1148 3789 740 341 567 1892 3396 3071 2830
2118 3156 4826 2052 4193 4448 1921 165 100 2557 4404 1303 2758 331 2662 805 2625 653 1324 1249
1628 4542 626 4597 4317 3327 2569 112 799 4800 1176 3454 2934 247 429 4025 121 4033 4653 3102
4453 4175 1176 4311 263 1835 342 463 1183 4428 439 92 3256 4538 3388 1023 4072 3115 626 2854
4300 1647 4747 2773 2872 1919 1781 1645 541 1787 4968 4274 4901 3752 1143 3172 1486 4559 4322 2265
2308 4250 100 2645 3150 37 509 113 1477 4769 2042 719 3071 4003 3968 4913 3312 2384 3280 2974
870 4023 4973 3945 3792 3692 1005 1993 4734 3400 1626 4670 4795 3881 224 1251 1739 3685 2466 626
4322 3012 4990 1696 1637 4378 261 2759 4756 3071 2526 2220 1212 2949 1892 1469 4818 821 4709 3211
4649 4245 1613 2604 1846 3205 3528 4632 2767 4326 4584 1703 2564 3448 3231 296 3984 165 1637 3307
1619 3475 2568 2553 4796 4968 4931 3048 396 3090 4795 2733 2967 1628 3995 2631 88 4830 3114 649
1204 1119 2607 379 3179 1726 2699 3594 2747 2436 2183 959 934 1700 4946 784 3682 3410 2911 2637
2911 3667 1696 2396 857 39 4990 2974 1119 4216 4520 739 4732 83 4156 1081 313 679 808 2789
4204 3997 1155 2395 463 1585 1333 4505 4145 3641 670 597 650 217 3467 1330 3808 4246 2657 3594
2871 3048 4407 3974 4372 401 4134 112 1182 480 3740 144 340 3839 4602 1636 366 1595 3694 4675
2318 3251 3240 3150 4205 821 3110 3103 63 2274 1892 3285 981 3681 2103 2982 15 4956 741 2436
4569 1016 3945 2612 3814 114 86 4589 4965 3491 2749 4704 3068 4661 15 3219 4 4426 4653 3715
4786 4515 4718 3988 3466 428 3099 1895 2701 662 4668 4209 191 152 2910 3378 593 1429 2609 2457
2285 1884 4332 731 1689 3705 3656 479 2436 2408 4984 1544 4296 71 1083 2402 3626 1841 113 1677
3167 2911 1234 3539 809 892 924 4653 1617 2628 1739 102 2022 2149 2034 1993 4546 510 4052 535
1457 1873 90 4990 4990 316 32 479 625 1616 2711 4097 2071 2657 3115 1787 3211 2830 3388 1830
4558 4787 4853 878 1597 741 4201 3684 4019 2757 4426 3754 4923 1846 664 3401 2789 2212 1731 2178
1746 144 1567 2712 1269 239 2441 2342 2678 1703 538 4783 3368 641 4990 4990 3745 2308 4875 2637
