1619 3914 3219 3195 4852 800 2860 4971 2628 2974 800 3103 3466 1453 100 821 537 2817 4990 1453
3188 1696 4843 1332 1094 3466 4398 821 2078 799 113 703 1331 626 626 626 626 626 626 626
1619 3914 3026 2457 3466 3283 626 626 626 626 626 626 626 626 626 626 626 626 626 626
1619 3914 2192 100 3839 966 1829 626 626 626 626 626 626 626 626 626 626 626 626 626
3466 626 626 626 626 626 626 626 626 626 626 626 626 626 626 626 626 626 626 626
3466 626 626 626 626 626 626 626 626 626 626 626 626 626 626 626 626 626 626 626
2911 1244 800 4878 2281 1394 541 4405 800 2022 675 755 430 800 4785 564 1753 2373 1155 4990
1619 1362 800 2246 2949 626 626 626 626 626 626 626 626 626 626 626 626 626 626 626
3188 2188 1162 2480 1696 575 821 3879 1453 821 3139 3492 1696 800 548 1286 2673 800 496 2373
1619 3914 3122 626 626 626 626 626 626 626 626 626 626 626 626 626 626 626 626 626
1619 3914 3156 100 2440 800 463 1286 4923 113 1628 626 626 626 626 626 626 626 626 626
870 1195 169 626 626 626 626 626 626 626 626 626 626 626 626 626 626 626 626 626
1619 3914 3386 1855 100 3053 1628 1629 800 3682 4331 805 800 3648 1696 100 1696 3489 3466 2054
1619 3914 4245 2373 165 4677 1210 800 2113 2830 955 100 531 4911 1278 100 1628 2373 4383 175
1619 3914 1367 4377 3669 1588 821 1615 626 626 626 626 626 626 626 626 626 626 626 626
1619 3914 2373 712 626 626 626 626 626 626 626 626 626 626 626 626 626 626 626 626
1619 3914 2373 2102 165 3342 1250 165 165 1696 1466 4298 1155 430 800 463 1286 4780 799 113
3466 626 626 626 626 626 626 626 626 626 626 626 626 626 626 626 626 626 626 626
1619 3914 2127 3610 4138 1846 821 3139 1286 670 2373 4946 100 3053 2711 2281 100 800 4119 3825
1628 2373 3682 2789 962 1696 4399 4787 165 4946 1776 2404 4475 1923 3053 1696 4510 1286 2962 1155
1619 3914 2817 3801 2000 2254 2582 3466 2292 626 626 626 626 626 626 626 626 626 626 626
3466 626 626 626 626 626 626 626 626 626 626 626 626 626 626 626 626 626 626 626
1619 3914 2455 3933 1846 2406 1678 2380 2758 626 626 626 626 626 626 626 626 626 626 626
1619 3914 3819 626 626 626 626 626 626 626 626 626 626 626 626 626 626 626 626 626
1619 3914 8 1103 84 1077 2711 1657 1879 1881 3430 1629 4266 821 4216 593 430 800 4116 1696
1619 3914 8 894 626 626 626 626 626 626 626 626 626 626 626 626 626 626 626 626
1619 3914 100 1556 2127 4718 538 1323 2776 2974 800 3165 2644 3466 2982 3640 626 626 626 626
1619 3914 4649 800 2817 1764 3466 2373 2830 1696 3774 821 463 430 800 3700 2817 4990 1453 100
4531 3097 1044 626 626 626 626 626 626 626 626 626 626 626 626 626 626 626 626 626
1619 4408 795 3466 626 626 626 626 626 626 626 626 626 626 626 626 626 626 626 626
1619 3914 3156 100 3567 1880 3218 2830 1696 533 470 774 2711 1471 626 626 626 626 626 626
1619 2817 327 3716 2911 2817 2789 3871 430 800 3006 4426 4375 4689 1846 389 2254 2402 2214 100
1619 3914 3875 366 4938 800 1846 3620 100 2817 3127 2817 4990 972 800 4860 800 4411 165 4946
3466 626 626 626 626 626 626 626 626 626 626 626 626 626 626 626 626 626 626 626
1619 3914 3350 1325 1998 4951 1846 582 3945 1846 4288 100 2317 2817 3135 387 1846 4521 2184 1286
1619 3914 1367 2177 822 942 3424 4632 4266 2711 626 626 626 626 626 626 626 626 626 626
1619 3914 2817 757 1218 2542 4583 4636 100 821 3396 165 1480 165 1787 2714 4656 2373 334 800
1619 3914 4047 3945 4097 800 463 4641 3831 3700 2817 430 1913 626 626 626 626 626 626 626
1619 3914 4835 1541 1286 2436 800 557 3789 4276 169 1452 3258 2711 4102 2333 3626 626 626 626
3444 2450 3350 4632 2354 2404 3945 4426 165 4731 165 3110 3576 800 3006 528 4992 444 902 3309
1619 3914 2373 4996 2830 741 3753 541 800 2917 800 3682 3677 1637 2464 165 1553 2078 4475 3466
785 4470 100 3053 1628 1286 3224 3575 1628 1286 4369 2373 456 800 541 800 1619 2413 1467 2119
1619 3914 303 3466 3466 2373 1633 165 3213 3466 3945 4609 2642 1524 626 626 626 626 626 626
870 1696 800 165 4946 3052 344 3053 1628 3434 800 955 3921 4253 4765 626 626 626 626 626
3466 626 626 626 626 626 626 626 626 626 626 626 626 626 626 626 626 626 626 626
1564 2373 3014 2373 2830 1594 2494 165 344 800 3208 972 3047 800 4383 4503 800 4383 3507 3984
511 1628 800 3831 2817 3153 165 4946 626 626 626 626 626 626 626 626 626 626 626 626
870 1195 165 4946 1077 430 800 4669 329 2018 800 3700 3466 100 2373 4383 3841 100 879 1097
3466 1696 626 626 626 626 626 626 626 626 626 626 626 626 626 626 626 626 626 626
3466 626 626 626 626 626 626 626 626 626 626 626 626 626 626 626 626 626 626 626
1619 3914 1431 3947 800 1054 800 4906 1286 100 3839 100 821 4377 821 165 1696 905 1989 165
1619 3914 1367 2712 3127 799 100 28 3647 1286 4632 2354 1846 4948 2569 626 626 626 626 626
1619 3914 4780 2488 958 3053 1628 2373 2830 4990 2312 1352 4097 626 626 626 626 626 626 626
1619 3914 4780 800 3476 2974 800 3454 463 1286 99 3048 4731 1770 3466 626 626 626 626 626
1619 3914 4070 4529 800 2754 3906 800 3342 165 998 1054 4153 2414 4347 951 1414 626 626 626
4569 113 1628 1846 3156 4796 4493 624 100 910 332 2817 955 100 2817 1890 165 4946 3344 1807
3466 626 626 626 626 626 626 626 626 626 626 626 626 626 626 626 626 626 626 626
4569 113 1628 3402 3595 112 4139 1619 2967 4780 800 2015 3875 3466 1696 1491 2711 3608 2974 4347
3466 626 626 626 626 626 626 626 626 626 626 626 626 626 626 626 626 626 626 626
1619 3914 4795 100 1862 800 1178 1723 4245 955 3466 1708 2373 3236 1846 901 1696 1828 2373 3323
1619 2188 3071 626 1337 626 626 626 626 626 626 626 626 626 626 626 626 626 626 626
4281 586 800 505 1846 2741 2817 77 4946 1846 3791 3403 356 3032 626 626 626 626 626 626
2884 1367 165 4946 1039 4123 989 800 4438 2541 100 3381 2712 541 2817 1923 719 626 626 626
3466 626 626 626 626 626 626 626 626 626 626 626 626 626 626 626 626 626 626 626
