1619 3914 2962 3914 3521 463 156 2598 2635 924 2078 2485 4216 4410 511 4475 4826 1696 828 1453
1360 3670 2211 1239 4246 430 4255 2146 3048 800 4566 3021 4848 1044 985 2830 3839 3403 2587 545
2004 1264 483 1333 100 2711 4787 4910 3550 800 541 4475 4454 3528 1012 4688 4255 2542 2289 2078
1012 2817 3217 758 114 541 2494 3789 4246 165 4946 4383 2533 4931 283 4103 3984 165 546 4238
1619 3914 3156 1667 800 2830 955 100 4870 1480 2015 3999 955 1124 2373 3410 1286 1700 3970 626
87 4661 955 1890 17 1774 1846 3005 2487 1440 1829 4475 4216 4194 3053 1628 2911 1581 498 4372
600 2778 4751 430 800 1699 2211 4486 1303 3685 237 4723 2051 3875 800 2105 1453 1392 3410 1716
1619 3914 4025 74 1939 382 1429 465 626 746 204 2911 2786 917 4683 1655 2459 2257 4844 2711
4569 113 1628 4252 626 497 165 3171 626 626 626 626 626 626 626 626 626 626 626 626
3188 2817 2333 4502 2908 2103 465 626 626 626 626 626 626 626 626 626 626 626 626 626
1619 3914 3156 1948 3700 3135 3936 3555 541 165 3388 4475 4751 1286 1942 800 4423 4216 1553 1824
1628 4506 3466 3650 626 626 626 626 626 626 626 626 626 626 626 626 626 626 626 626
1619 3914 3638 3156 463 541 3127 4426 290 143 366 1690 3185 169 2611 983 4081 551 1286 3176
870 3466 3607 1675 3684 775 3021 34 1633 626 626 626 626 626 626 626 626 626 626 626
3188 1696 4123 1628 2974 626 626 626 626 626 626 626 626 626 626 626 626 626 626 626
495 1692 4019 1477 1274 1096 165 4012 3655 2446 2373 886 821 3386 4626 1570 4666 626 626 626
1619 3914 100 2639 822 799 113 3348 100 2350 3872 2018 100 3342 2817 3127 2817 4990 2455 165
2448 3875 800 4795 2712 1726 3127 4551 2596 4267 631 3700 3727 4157 3270 3048 3342 3071 1910 3945
870 3466 112 3199 3782 3466 626 626 626 626 626 626 626 626 626 626 626 626 626 626
4400 1628 3931 800 463 3700 2817 4564 2488 1328 379 1367 3947 1528 165 1696 2530 2131 541 2864
1619 1995 407 260 4632 2354 1526 2436 3024 626 626 626 626 626 626 626 626 626 626 626
2911 1696 2630 3457 1457 2378 366 1846 4400 2499 2648 250 800 877 4632 2678 4632 626 626 626
2515 4126 626 626 626 626 626 626 626 626 626 626 626 626 626 626 626 626 626 626
1921 2078 242 165 4946 4632 3120 2252 3139 1311 4946 1154 1342 4626 541 2350 2103 800 4753 4459
4569 113 1696 4475 962 501 3951 1016 30 1761 690 4995 2494 626 626 626 626 626 626 626
4235 4990 1453 100 815 1469 2220 4632 886 626 626 626 626 626 626 626 626 626 626 626
1619 2582 4070 334 3626 507 3945 1180 3251 647 2436 2071 1030 4310 4962 3945 4426 1866 3011 4034
2911 2754 2373 2929 2105 1286 3703 3396 1286 204 959 100 800 4887 3466 821 121 4415 3816 4426
4569 790 4439 2912 626 626 626 626 626 626 626 626 626 626 626 626 626 626 626 626
2911 821 626 4632 2354 165 4946 4632 2354 4824 2706 2609 1124 626 626 626 626 626 626 626
4830 459 2550 1155 3808 2474 374 2776 626 626 626 626 626 626 626 626 626 626 626 626
1619 3914 3156 100 3190 4826 2373 1457 1054 463 1286 4843 1108 626 626 626 626 626 626 626
1619 3710 3466 2373 3721 821 1919 1534 430 800 1616 3466 4123 100 1480 4372 165 2456 169 800
1628 2373 4383 2497 4726 962 100 800 2702 1696 3984 4470 821 1118 210 1887 1453 204 1286 4266
3466 626 626 626 626 626 626 626 626 626 626 626 626 626 626 626 626 626 626 626
3913 2373 2107 626 1726 3801 2711 655 800 3608 4245 4599 3789 3538 2702 3496 4305 2754 816 4726
2911 955 100 1797 4323 955 100 4415 1846 2824 626 626 626 626 626 626 626 626 626 626
2617 1829 113 3941 4020 1729 165 2471 2478 745 4500 3071 3696 165 4946 2570 764 1231 1846 2857
1619 3914 2908 2567 1628 1974 1058 1480 4626 912 2518 1748 800 3006 285 626 626 626 626 626
1619 3914 779 2904 3187 1042 3222 3466 1628 800 3873 4468 3503 496 100 3110 4027 1977 1628 1722
1619 3819 1688 821 1426 626 626 626 626 626 626 626 626 626 626 626 626 626 626 626
626 626 626 626 626 626 626 626 626 626 626 626 626 626 626 626 626 626 626 626
870 1195 169 2622 800 3608 2254 4662 2872 2974 626 3466 626 626 626 626 626 626 626 626
1628 3135 1829 4505 1097 3421 16 4800 800 1846 2078 4475 597 4398 3623 2262 260 2075 1453 234
1628 2373 1388 2523 821 3898 1636 2830 2817 907 805 100 261 100 1696 1941 4666 958 670 2633
1619 3914 2234 400 2352 4546 2301 1453 100 4597 800 4906 121 4982 626 2456 4531 165 4946 2651
1619 3914 1277 3381 3053 1286 3782 3466 4429 360 1268 430 800 4938 1396 1453 2679 800 3796 4908
1619 102 2373 2670 100 2817 384 3831 2711 3537 4347 800 2957 1154 4660 821 2830 2830 2817 538
3188 2817 1289 1892 3555 459 805 3681 800 751 4019 1286 955 3466 2527 2817 2157 1278 4765 1892
4569 113 1628 4252 165 4130 3478 3119 430 4952 1349 3984 2034 2078 3680 169 2824 1320 1453 100
1619 3914 2152 3457 2612 3292 800 463 693 4906 1286 546 3925 1286 2628 1163 2408 4843 1310 1183
113 709 626 1770 626 626 626 626 626 626 626 626 626 626 626 626 626 626 626 626
1619 100 2373 3363 1696 1489 4955 2161 4822 100 1581 2711 4575 1524 2436 4917 3774 3126 430 800
1619 3914 4186 1396 4795 3093 626 626 626 626 626 626 626 626 626 626 626 626 626 626
521 982 2373 3798 3789 1340 1286 4204 1846 1846 2436 800 3199 1129 3971 165 113 955 1472 383
3147 113 1628 626 626 626 626 626 626 626 626 626 626 626 626 626 626 626 626 626
1619 3059 1268 3093 4628 2974 800 2345 430 800 2748 3188 1631 800 2297 821 1681 4990 4175 2754
1628 2373 4602 3211 823 800 597 4369 190 2711 260 3087 4303 1453 2436 3523 5 4412 4887 100
3710 1155 703 1286 237 3466 2536 2438 3970 2597 2373 2130 1883 1153 4817 1117 3899 4632 3093 4636
1619 3914 1367 463 1892 2830 1286 4 2457 626 626 626 626 626 626 626 626 626 626 626
3466 1696 1475 4109 3071 1696 4566 3489 1286 1920 626 626 626 626 626 626 626 626 626 626
2911 2247 2228 2990 1977 1628 459 3092 2977 800 677 1293 2711 204 130 2910 100 2967 821 2929
1619 3397 3104 2544 1152 3337 2830 821 3258 892 3748 445 4632 1893 1046 1855 440 4795 2373 2442
511 1628 2980 1970 3378 4033 4165 99 4605 680 1699 1993 385 4990 1324 800 19 2268 4597 2974
