263 465 1884 642 3616 1605 63 4632 3626 2811 1160 3951 3714 1097 2911 2212 2889 4002 2859 427
3212 3974 97 1693 4530 1862 4826 2778 4632 1286 4527 3138 1447 1215 821 4515 1103 2466 1309 3434
1555 1027 1616 1608 3675 3682 1249 2830 1855 3403 3839 4573 1286 2826 506 3395 2129 2421 4883 3931
1619 1327 3117 1942 4122 217 1215 1633 743 3146 1972 1364 954 4426 1237 1846 865 958 2586 4470
124 3971 2456 1108 3942 4577 2911 159 1812 632 2779 274 1855 2817 2368 3811 1982 1756 4809 2881
4011 2966 3115 2922 442 599 2446 4947 494 1696 92 4575 4721 1453 2834 165 1023 2070 4937 2009
2497 1090 3782 311 1129 3360 728 416 3165 4891 3047 2436 2974 626 2358 3149 2474 746 465 2247
4173 94 3396 3774 463 4266 2871 626 3244 10 1632 4742 3057 2871 1617 547 698 4787 4852 3285
339 1696 1461 1716 3543 3713 4718 1489 463 3188 958 4078 1117 2247 2354 1889 4796 693 1440 3377
2307 2456 4778 774 3676 4216 1742 4097 4653 3018 2823 3811 3041 899 165 523 3594 1617 2915 4947
3710 2925 2455 2004 977 1115 148 4428 1976 3150 140 2724 3676 4377 4924 822 151 2796 2645 4995
3974 2636 2754 797 2661 3700 2352 761 2982 379 1470 411 4470 2777 1257 165 3675 1542 1436 414
3059 1126 2353 1176 4584 379 4734 1119 388 2603 2178 3982 545 3640 4426 3538 1332 1993 934 4653
870 4798 822 3543 1471 3054 2140 192 693 1824 4247 4378 3650 4301 4359 3454 2367 2628 4327 1192
1147 892 214 10 821 3238 1234 141 4788 4632 3916 148 805 2622 2160 4542 3639 4962 3418 4207
4569 4682 3740 4732 1567 1169 626 626 4216 2830 440 2338 3943 614 1143 2926 4342 319 4941 2147
2038 2572 1119 3269 146 3782 1641 4990 626 204 3408 2824 4798 371 2322 169 1281 319 3312 114
3919 1401 3933 3239 1477 915 332 1181 4815 3782 4231 3481 3203 2346 4097 498 800 4383 99 1567
551 2711 41 746 226 1281 3253 3984 799 94 4754 614 197 2539 430 648 982 1568 4775 1083
4762 113 3003 2436 2754 4626 934 1303 1678 3700 2468 2389 340 597 4198 3082 4830 4692 2979 4938
2370 1696 2855 2054 4304 1411 3000 4946 2436 800 2710 346 44 4597 3217 1699 1881 2897 822 4183
1641 2178 4751 4426 2354 165 4068 2259 182 3480 4533 2702 2599 4780 2322 3421 4946 1328 273 1480
2982 2183 165 1784 261 2105 3873 4966 1608 4426 87 3219 764 564 1626 1739 3984 4995 3288 121
3664 2612 411 4464 2636 1699 3623 1894 822 4996 2177 2047 740 2824 1742 3258 1281 2094 3468 1037
4090 1499 534 2194 2711 2566 4680 4749 1097 4053 746 2075 1590 4283 1123 3875 1286 19 68 261
4552 3007 439 545 94 3535 3586 2295 481 82 4990 1906 4318 1239 4626 1463 972 544 741 784
4873 3863 1256 1254 4573 327 1637 3931 1117 1455 4301 2322 626 626 1525 2813 4702 4523 3945 4353
579 4580 1825 4097 1720 4597 110 3253 334 3713 136 3870 511 4977 1872 2970 3088 344 3466 2382
1247 3854 4589 939 4461 2228 3736 3173 2420 4216 894 4283 4964 4650 1781 3368 4632 1872 4021 3378
3104 1921 4968 3951 2254 3444 978 4830 3543 1077 4231 1880 1286 1470 2748 3945 3847 1928 1787 1453
2911 2480 4173 1097 3681 1364 3350 63 2307 1029 4339 2633 4026 3292 2597 4971 344 1569 77 4210
4245 1148 3466 1862 3696 100 1581 1311 3140 3059 4527 2555 1226 306 3568 2557 799 1870 1880 4451
2783 80 3863 4883 1054 1286 697 2841 3565 2806 908 2606 4219 1942 3228 237 1520 411 2373 1364
1559 243 3919 1195 148 609 600 3582 3366 1042 4626 4952 522 3364 2178 3984 4795 3608 15 3342
947 1917 2848 805 1697 1616 4653 3945 1429 1081 4669 126 1637 2946 2436 3128 803 4235 742 3048
4479 2187 2121 299 169 1663 3789 2817 3774 3019 1993 383 3837 3466 3980 1000 4235 572 4674 341
4111 2817 2533 1232 1673 3290 2921 4165 3644 2436 800 1054 3288 3235 2911 2692 4555 2115 2513 4243
2317 1533 3998 1921 1824 384 1970 1600 496 4754 534 479 2711 4095 141 4195 3892 3228 1923 4653
3048 1518 3378 1637 2684 2312 3677 1581 1756 3493 1379 408 4245 4353 250 1529 4774 2519 2683 2657
4569 1742 339 4632 4632 4632 2612 3337 702 75 4049 1700 1312 3048 3127 3681 226 2524 3016 1969
3834 2982 3849 4641 2436 774 2913 4106 4434 3501 2389 34 3949 2067 4416 3509 3907 3448 1919 82
4344 1284 1469 3872 169 3541 2248 3186 1754 3262 3222 4267 937 24 3528 1012 1626 1147 1249 2105
2580 2612 3567 1859 4242 1617 4416 102 3211 15 4909 2118 3694 341 484 4743 4426 1232 2830 892
2978 394 1852 696 3700 3880 2112 582 2015 4408 3150 4726 1696 1446 4795 252 3983 1051 2341 4250
1391 3626 70 4812 944 2032 4405 3167 192 799 588 4108 4702 2525 3608 463 4797 2724 2354 2298
2525 4835 1813 2671 2062 4951 3092 897 3858 934 350 4962 1849 1752 2602 3127 643 1457 4354 2368
4572 4292 4988 2378 4726 3362 2783 1289 3550 1178 4098 1971 4121 3127 375 2308 3006 3348 2859 1153
4232 505 4951 61 2824 2042 2982 2436 2754 465 597 4951 2387 3352 3135 3395 541 4573 4868 1331
1320 3156 3984 750 1 1928 1155 2609 3337 113 4416 2425 3048 982 2978 418 3115 910 4795 1648
4751 3255 3577 3965 3535 4244 4502 802 479 2815 2211 84 1490 4726 2070 2159 2811 1739 1846 4162
2881 3032 87 2373 28 1845 1870 2859 473 1544 2744 3791 4353 4108 2352 192 4216 1726 3879 1643
3948 4410 3640 498 1193 3714 822 4636 4733 4838 2228 4723 571 942 4081 522 1928 3130 3951 892
1746 1567 604 1591 800 4465 894 2533 2792 263 3694 1528 1872 2645 4947 2967 4731 1874 4955 924
1619 3914 4977 670 3311 545 2623 1371 145 924 1053 3842 4301 2824 4853 4096 3772 2628 3680 3838
1834 3033 2611 3725 1585 2436 3626 188 3048 34 1393 4636 626 1829 1119 1635 121 220 1554 541
3241 98 3066 1754 3945 191 4173 3337 805 2724 4245 3186 2228 2071 2276 4082 1729 3945 3826 4283
411 1892 924 1951 3835 4426 4795 3275 2801 924 255 217 1895 2627 2598 2645 2533 3402 1680 4281
4245 3838 3685 3949 4703 2967 4969 538 3209 3681 34 63 3606 485 3057 4713 4632 2354 958 4142
2837 2250 1289 1701 1394 4049 3705 551 742 2645 1255 1995 3783 499 1504 529 4844 1743 1606 3339
2911 1193 2146 2645 1140 4999 3466 4142 2473 756 479 1924 261 1480 1565 3056 4870 4722 1337 545
3188 1647 1998 2674 1832 1073 1642 1567 3071 698 3173 1755 1364 2027 1045 2402 4937 1974 4733 3157
2917 1373 1657 332 1030 1804 3681 4532 1125 1704 2936 1746 4800 519 388 4573 3808 3578 3550 3454
3059 1042 1767 3140 3185 4632 2354 3797 756 4109 4894 4814 2295 878 4082 3791 3623 2678 4347 3231
3808 4554 4784 4281 3969 816 1043 1703 3053 4021 4947 1005 3179 3715 2380 4153 1797 821 2575 4438
