535 2181 2626 3664 501 3420 4983 1466 293 4482 2081 1528 1214 1536 1832 2211 401 3815 17 720
2453 1912 3882 145 3050 3589 4372 3207 4487 4664 996 4154 1164 2602 1573 503 2418 1732 3583 4357
3252 4726 2450 4883 730 445 1277 2011 2605 1106 1055 1722 3456 1667 4904 3916 1617 2447 1795 4050
489 835 4983 1233 4098 906 3661 194 70 1734 2773 426 1473 2927 2136 2555 580 1282 2225 2623
2143 1889 1253 808 4846 3290 2193 4555 1304 1880 4117 2754 4734 1296 4646 2798 1480 3306 4629 2595
3001 858 1154 3684 605 265 1075 2417 831 3434 43 3488 1879 4002 4226 909 3204 4063 3215 1982
929 4049 4666 1049 1855 4682 4733 2054 209 1401 4223 2387 2641 4269 4796 3226 4844 1991 2716 1981
4536 2268 138 535 138 2388 474 2375 3398 4252 2217 4716 2920 2603 4669 1363 1597 1523 580 2929
3199 1898 4050 537 43 2504 1938 1380 4014 855 2802 815 2569 2540 2690 119 1366 758 3604 2578
4582 494 345 688 4558 2542 2125 1067 1711 4635 2203 725 3964 2958 1465 1762 1638 2523 3749 4526
1972 1080 1874 245 4814 815 4047 1075 539 3650 3152 1438 2765 3820 3408 2005 1252 647 658 2578
1835 3268 3412 3640 2251 2617 4234 4927 1232 4437 1348 2195 4842 401 4541 3302 3619 3002 4720 1347
2450 864 4735 3121 307 2001 1275 1887 2333 2745 2073 439 4264 4278 2286 491 1233 73 4666 4850
1309 2965 1202 3906 583 2005 1269 560 1889 3634 4513 2984 3243 3245 3565 2897 4127 4620 1660 25
2364 1415 2827 2364 1309 1308 2188 3694 3919 3297 250 3831 1296 2106 4677 2135 2848 1732 3367 2210
1049 4931 4907 599 2203 476 4970 357 359 3652 734 3864 3118 1799 141 1723 4273 610 2039 1187
3149 3987 1937 1434 1099 3792 246 3047 2446 2364 489 625 2751 1809 2332 1770 1128 4002 4603 1054
3199 1884 3600 3667 4037 2765 4475 4603 4 2723 2613 218 1937 1944 3350 1713 273 3483 2682 3243
1305 2098 2934 2410 2887 1232 2265 1123 4475 2046 1925 3695 4672 3812 2314 426 120 788 3049 4927
831 3644 3984 2345 3258 4867 3678 1558 1471 3418 3695 564 3297 3629 1470 2841 4160 1061 1034 2131
4252 2060 2644 2746 3530 3396 1918 1870 4876 1331 1721 3331 2121 2364 345 3014 3989 2587 831 4098
2270 3990 4063 4168 4936 187 3446 1858 2131 3429 547 3456 3202 2542 3864 2397 831 2447 2700 1877
1688 1898 3566 3097 3249 4816 2396 1446 4172 2372 3518 2374 1269 1112 1816 3297 3621 2364 4527 1649
831 4122 4005 538 535 1247 2244 4876 3502 535 4563 1098 2418 3218 745 2787 4726 120 3073 4170
831 4492 2504 758 3791 1561 2538 4086 599 2440 2835 4323 2794 839 4020 4882 1080 1865 1975 3066
1477 3506 4004 3830 954 3692 1049 2077 278 554 2647 2027 2828 708 2839 1150 3077 4694 4607 181
4246 209 4312 2135 1309 1515 3821 2195 1649 4923 1080 4361 2716 1083 1227 3288 1898 3843 4092 3053
3001 3582 4668 1454 3465 327 537 2418 142 2194 2938 3089 1857 2590 1412 1809 1809 2745 1809 3673
138 278 1884 3909 1809 2909 1700 1918 2955 1850 1088 682 1494 3877 555 430 180 4094 4312 1027
1495 209 1787 943 1047 3188 4921 606 3456 785 1004 3990 1974 538 1504 3843 2617 4732 3533 2758
831 4254 325 810 3215 2968 120 2978 4443 4008 1153 3688 4062 6 662 4468 3906 3297 1877 1460
779 377 2406 609 1080 2267 4603 1673 4850 3462 3830 413 138 3396 438 2111 1019 4154 164 1772
4617 1884 2631 758 2203 4563 2034 770 2763 2641 2815 4638 1697 4772 3310 4958 2126 2268 138 2203
831 3873 4463 305 955 3815 4408 1618 2909 1578 1243 4459 2806 2626 1049 4364 4876 1371 4662 3135
831 2203 3510 4122 3555 3872 3133 485 4050 1295 1786 2418 3240 2890 4366 689 2396 2803 3590 3741
489 1531 2895 4563 4600 2594 2671 2476 4144 1937 2594 1835 3787 504 3252 1300 599 1136 413 1337
831 4562 2218 1051 1867 2203 1500 4359 4602 739 1852 2333 3695 31 478 3749 890 3796 2765 3779
4715 4819 1589 1746 1887 3373 4824 1331 2211 3530 1662 2418 870 3996 4978 1080 2268 4603 1228 1331
609 1080 1634 4646 53 4475 2446 1499 3600 4179 3062 4876 1568 1640 4232 491 504 2328 1112 1371
535 2919 661 4738 11 4706 174 656 3530 4296 278 3475 3589 718 829 112 1325 1038 4586 2916
143 413 4978 4372 3930 831 1558 2904 2332 4507 1880 671 3624 1280 1747 1173 3787 4876 2899 3218
3640 4098 437 4298 1809 2267 4258 1324 3143 157 405 4782 334 928 4098 1534 2406 714 4491 4737
2523 3975 1740 1046 3821 2674 3572 3930 3498 1136 2328 4316 1210 2931 1148 3275 3688 426 4803 2968
1703 3057 2039 3115 25 401 4496 1046 2948 2736 535 1229 707 3308 2824 4876 2253 837 4938 714
209 798 2448 2226 710 3678 1123 1302 3320 2815 3402 2607 3064 788 3617 1331 4594 158 3787 68
1908 3385 3773 3590 1086 1865 2802 3583 1150 3213 3019 308 2364 941 384 1010 1427 4896 655 1602
889 1146 3252 3629 203 142 2116 177 2525 2455 2909 1894 1937 1972 4965 2562 557 1673 3434 4241
1309 2455 3815 1673 2135 1809 2267 1460 1084 4014 3315 1319 3960 2657 1190 2578 3487 4036 1316 705
4425 1533 740 2461 4874 815 4274 1045 163 424 3142 1809 2127 4753 2327 1839 3712 4750 3594 2292
4667 2623 1833 164 4124 1233 1324 2694 317 3901 1889 228 299 413 2253 1804 1639 3082 831 4055
831 3408 3149 4579 3688 109 1649 4816 4358 4039 3841 1896 4782 4524 4570 1261 2940 179 3830 3151
831 4710 773 4267 235 657 3171 207 141 4638 3280 4527 1442 4518 4196 3123 2760 305 1649 1751
4943 405 3875 3398 3558 897 3015 3536 2312 2364 4292 4924 3017 3571 4554 4098 4550 3688 1976 3009
3912 4796 930 4177 4338 4154 3297 1423 3062 3968 2437 1775 3373 3653 2418 535 2156 3971 413 2938
831 4254 4298 3151 4329 1128 2602 4706 1699 1267 3153 4483 202 606 684 4349 1041 869 4043 1133
3712 202 4867 755 189 4480 555 1051 4271 2996 4636 2131 718 1080 1906 1887 1308 651 1001 2252
1898 1569 1296 823 4164 4404 4318 4696 3322 2314 4783 3297 3954 4094 3787 3407 4603 4567 1865 3930
2364 3849 4837 3057 1080 3652 2203 120 4251 70 4218 1480 1347 2450 2154 3984 3875 1722 543 535
831 4035 1125 1133 3727 4783 1347 3243 999 2156 18 4014 812 1845 413 2418 1732 701 3199 3896
831 1182 354 3915 270 789 274 3589 320 3763 1080 3901 4565 3898 4664 1347 156 3017 4002 1058
3699 535 563 3176 2572 2434 4783 3297 2000 1193 894 1673 136 3741 4978 2523 2226 4656 2190 3090
3384 1937 3133 1285 1639 2584 1885 1889 3315 402 3089 1049 334 1054 1913 1075 4187 1309 1309 1020
2029 788 4945 3984 4408 99 2683 3456 3508 354 4538 1451 1300 1325 150 1331 691 2225 1036 151
831 4254 2396 871 1746 2953 2985 4194 1619 110 2013 2194 1438 3191 4041 1261 1979 3670 4134 689
