2339 4245 3101 4990 4181 3987 2817 924 805 3879 3782 2723 3029 4364 1272 2038 3219 4536 4426 800
366 4368 1859 4610 4055 3715 4762 2959 4665 800 3219 4931 3187 4182 3942 426 374 1113 3731 2515
1 3606 1034 2872 1144 3012 647 384 346 1862 1148 2456 2539 2656 3489 4977 2302 2609 4915 1392
3130 82 4683 100 374 4531 3285 1289 2930 4195 800 855 3600 498 1846 479 2758 108 4599 4891
821 774 4639 2368 2312 3944 531 4503 2740 463 657 1921 1446 937 839 2357 4267 2829 2384 2733
3115 1628 3894 440 4216 97 1128 2934 379 662 98 3808 4298 680 4937 1398 463 1292 4001 237
1921 2568 972 3656 4428 191 2143 1691 837 1108 2662 522 3412 1733 3442 567 2834 1851 3279 385
2665 3115 4673 4811 1155 2262 2105 4820 4 2571 332 2765 3645 3190 3199 2008 4199 3768 4000 3681
1692 473 3029 113 4559 3309 2582 522 2636 3899 3060 1659 1859 2436 383 3466 902 3285 379 2739
3348 3506 41 1250 4157 1267 768 4198 4362 2276 3774 2188 3916 217 4868 3261 2183 4134 1114 1052
3505 2866 937 2436 1704 465 746 2436 2982 4463 738 3285 2754 3651 123 2118 2625 2612 4888 3880
1628 3741 1950 3724 2258 2754 1999 3863 102 4597 4142 2508 1401 2973 2428 4175 3287 1105 2527 2859
947 639 1716 111 4703 3864 3945 217 4431 745 2821 626 626 626 4838 2693 3606 939 479 3980
1423 3348 892 121 2130 2352 626 1616 3655 2817 113 3685 1504 626 2911 1349 1073 421 3989 982
1581 4968 3966 1322 1932 3380 4298 3211 4597 2817 2872 4305 3226 1415 1642 4990 1073 2538 2103 1499
109 1773 2110 1722 1907 1917 3228 498 4097 4195 2665 2872 2354 3410 4610 4503 2569 12 4520 4216
626 282 891 1890 637 2763 317 2188 4990 2373 2356 4655 626 21 2706 76 4470 3054 4569 100
63 2999 191 1396 1637 4648 2931 1676 260 2067 341 1776 1433 1359 3711 4690 4891 3638 4610 2070
2097 626 2974 746 2115 4652 3048 1872 4268 3858 1449 1105 2378 3984 4081 2930 3984 1411 100 1096
263 1192 1726 1533 531 3800 4232 2614 1309 1495 4940 2872 3681 3374 3262 1220 394 2911 3564 783
3188 3945 4236 3741 4216 1232 4244 1960 3814 4173 2140 2027 2895 1232 2274 4266 832 3856 125 4940
1286 1106 4605 3462 2356 4597 2054 428 1669 4019 2830 4873 2559 2533 114 1563 4428 1637 82 1716
743 263 4184 1234 3681 315 4586 1618 1313 1878 3354 4795 4131 4658 1846 1470 3241 4605 1492 2895
3466 2662 1210 3798 2510 2517 4670 1303 1286 39 1874 394 450 4990 4795 894 626 4597 4165 2486
3364 2841 1494 3556 3104 1787 1213 1917 1264 1161 4455 1228 2236 4653 3029 2570 1504 2982 2360 4461
4818 2815 4232 4026 4597 1274 121 3696 1286 4818 1155 4628 4817 1061 3826 4632 3232 1281 2682 3433
1224 3102 1921 2086 1443 1480 3058 4220 1477 3528 3882 3532 408 4033 2598 3785 3602 2628 3789 3936
2178 2573 1942 2034 1286 3575 2373 3279 4162 3257 4225 1726 1359 2144 2666 3880 4531 129 4660 125
113 169 2795 554 2890 2038 4426 4632 449 232 784 4470 425 522 1155 4197 1331 2095 3789 2896
2839 2848 1830 370 4523 2967 4426 4795 4252 706 2525 910 261 4795 2639 2472 888 121 4788 399
101 3136 3364 3970 4938 1672 4830 11 3107 1115 2197 2704 4639 924 2704 585 2616 4930 2987 2887
399 2912 2359 3984 4740 1907 4632 3499 698 1700 4479 2034 2824 2399 1359 4108 3718 1457 717 15
1746 154 4597 2061 3035 2692 3681 1359 37 812 1379 4575 394 1289 3726 2603 339 931 2211 1630
1489 4026 2922 4062 3947 4108 4521 1473 3308 1921 2242 1088 4795 815 366 3488 121 4824 3136 3667
1647 2871 4048 1989 3819 1293 1813 834 2352 3300 597 4892 2932 690 4007 2872 1628 3258 4089 2353
4964 2637 1421 1045 1696 639 3681 4436 1108 99 1715 2853 4208 3135 626 3220 3629 1846 715 86
1619 1851 2457 2881 375 4018 2436 1303 2378 4929 4410 4426 1051 3059 543 1155 4 1455 892 131
473 4683 1253 2963 2402 432 2830 3686 2701 547 4795 4968 2884 3088 1468 4360 4952 2764 4749 3405
2582 2525 886 1472 3970 4814 3217 2367 1036 4493 4703 4913 4096 3409 2395 1173 4301 3789 4888 2436
659 1581 4990 388 821 4074 1829 3869 440 438 2885 1160 1433 2105 3756 370 3176 1859 1378 301
384 4256 3715 3374 3323 1846 4795 165 2744 3628 4947 934 498 1061 3568 2817 3510 183 4632 461
2137 3710 2884 1367 1117 1522 756 4072 1659 2082 3945 4418 1474 1470 748 3210 3150 3736 21 3410
1619 2284 4964 4356 4415 2634 1456 891 1590 2458 100 191 626 2373 212 2312 3406 697 4033 2436
602 2097 4019 256 1884 263 959 4632 784 387 994 1868 2339 1588 684 3285 750 2280 2898 4677
3053 1051 3123 3752 2611 263 2436 3931 1239 1117 488 4909 4693 2756 370 1447 4671 2247 2395 2939
2093 2914 1039 1289 155 263 2754 394 4948 371 3653 4383 958 2805 2824 1373 4632 3076 2569 3217
4962 853 1701 3526 4597 2372 886 879 364 1625 4643 3769 244 4245 3473 3269 1595 2406 4795 1785
3694 4597 2436 2611 1281 2811 4731 3219 3365 4617 2528 1692 1155 114 1277 958 4398 331 3543 4964
2817 4502 1452 2774 4626 400 1565 4717 2765 2806 1514 141 3236 2939 2855 2895 4518 534 3411 2679
101 2725 4636 2911 522 463 2018 4854 70 4856 4632 341 2743 1854 2880 2897 984 1956 314 92
700 3378 168 165 1154 626 870 503 4727 4082 177 2576 121 4556 2922 4758 582 4448 387 878
3202 340 3480 21 2483 1759 2761 165 1882 3710 1516 3650 1267 3127 2247 4007 3311 3832 4691 2317
3188 419 3088 3700 1700 2177 1855 1469 2154 1066 4244 4964 3350 3821 4391 4403 4643 277 4677 3839
2982 3890 88 2824 387 3170 4734 3381 2657 3879 3691 2345 3736 4598 368 1762 4216 538 4702 1723
2825 345 1691 2989 3492 2824 2188 807 4844 1113 238 2468 1530 2242 1303 2179 2537 4245 3789 3700
793 958 541 979 4134 463 2436 4688 3127 1286 3376 4251 2395 2397 2670 3293 2606 3251 3852 3499
4964 102 385 59 4743 1464 421 293 3945 1115 2352 2160 2172 1746 4888 2817 379 1755 261 3395
947 611 2464 1972 4817 3864 2598 3130 4058 1306 4339 2792 552 2743 2673 1860 3361 1027 204 3244
2106 2411 1051 2530 3899 2342 1647 4900 2417 3448 4024 355 1944 970 1756 4226 1453 1108 2396 1911
3188 1977 4383 937 1735 1489 1073 2232 3700 4146 2679 195 644 1180 4990 2597 3195 2606 649 2858
4830 428 128 534 3669 3150 3420 3468 813 1757 4984 4795 341 1109 183 4257 2436 2612 4577 420
4572 1468 2445 741 3386 1581 1396 2957 2974 1787 3171 30 2926 1970 2573 1107 4586 1865 800 1548
1307 3811 4608 626 4324 1036 4203 303 1621 1921 4426 1671 1574 1007 632 3760 3550 2563 2915 4853
667 3188 1155 4668 400 126 1678 548 113 2312 865 98 4539 3641 3535 4802 564 1108 2350 4552
