3261 34 2135 4641 1619 1264 3110 1655 4042 1328 4573 1225 1328 4364 4842 1337 1523 2364 516 4605
4364 340 4398 209 1020 3737 4426 4471 282 3407 1147 516 4142 1612 4429 1497 3899 2386 3410 3984
4369 3864 2353 656 1892 4317 1480 4521 1690 4103 4611 606 3951 4962 2567 924 3677 2863 4193 1890
2747 39 468 1628 221 3410 2250 3047 3594 4352 3172 1148 3984 1872 2350 545 1322 549 3454 2598
709 4668 545 3127 3852 1197 4795 2348 2400 3863 2885 2456 2204 2858 613 1645 3930 4184 2229 1812
1234 2911 4794 1421 2982 473 4844 670 4795 4097 4334 4281 4305 2368 1421 821 2754 4795 4418 4862
1628 4047 1337 3048 2087 916 756 3694 1757 647 4295 1491 4826 4347 4298 1654 2648 1692 3433 710
3656 4232 3224 959 2860 1036 3681 2019 3724 1480 1286 129 4030 2300 643 3466 439 4995 2606 2571
2981 2925 3980 2754 4244 443 2999 189 4012 2848 626 626 3286 1237 2650 4864 2445 4685 4583 1846
4995 3302 1287 2911 3222 631 2457 1658 3732 1121 1565 203 388 3724 1132 1121 3262 3869 2105 2546
819 821 2626 2178 340 1453 1749 4147 3109 4670 3395 4098 3115 1394 3784 4962 1136 2661 917 516
1813 139 92 1339 2859 1921 4962 1880 2494 490 1036 277 2007 2886 2886 3407 2302 2617 4398 2312
3710 716 329 3535 2876 1726 2380 2358 2070 4023 4604 4400 4408 1723 2199 4826 3913 4990 1874 2132
2456 2763 974 3013 4097 1693 2745 2758 3819 4844 2368 3644 3726 1493 293 1590 2200 319 2711 3969
108 256 4398 536 1849 1045 4216 2228 1457 4526 319 4980 1463 600 1342 1195 1555 1255 1489 1030
4503 3945 4531 2442 522 1486 4012 2177 2461 1872 141 4936 2910 3729 2312 3691 2508 3699 3053 2323
3188 2188 2239 4597 4599 384 2257 1696 4401 1862 4653 1784 4946 814 3504 764 3065 4326 4165 4925
1619 1691 1565 1303 4003 2368 2974 3065 1407 319 1920 2449 1559 2603 4563 3285 3687 1212 463 148
1619 3093 608 3919 1081 1892 226 1256 680 1359 459 282 3549 4472 2810 94 231 2487 1993 3478
819 4683 3588 982 1176 3971 1407 224 2854 1480 3115 165 3636 619 1726 3744 2075 3271 4960 3936
1619 2910 955 4795 2352 1180 2778 600 419 2918 1180 4245 4316 3595 165 4470 3791 2078 4990 3936
3919 1175 805 626 3261 4096 411 465 1154 3656 4288 102 2587 4281 1671 4573 4821 1155 2070 4120
3899 2042 1619 4912 599 2712 4305 2131 1576 4826 3195 3041 4055 2712 1429 3554 3222 4595 5 2599
1628 1034 1972 1746 3182 4861 3093 3041 3227 1155 3219 1167 1641 2818 3402 625 2974 2228 34 3391
1619 3377 3798 1115 3219 3653 3285 741 1328 3984 2352 2974 3789 1942 3375 1290 966 3947 3039 3897
2687 2604 190 3436 2571 5 2813 1735 1049 4271 4684 361 4324 541 4862 26 59 26 2989 4648
4661 1099 2410 2859 1217 3080 1233 2911 4096 15 62 3037 1855 2104 1433 2514 3115 63 1045 560
807 1457 2426 3280 3488 16 1396 519 4110 2611 4358 1324 252 2919 1058 4428 4153 2967 2772 4207
700 4661 3710 366 3029 1477 1452 4462 2796 958 4830 3300 153 191 626 1829 545 2565 545 4632
473 384 2234 3681 3115 2911 3916 1556 3872 2266 1918 1012 1716 3945 1429 604 4609 2036 2246 4170
624 442 430 2112 1494 4209 4718 3685 3910 2487 1480 46 4885 4012 4984 261 1993 3984 4648 4383
4569 3253 1859 4964 2872 3466 2911 3916 1588 3427 4255 3408 1180 2605 2598 1394 4216 1457 3872 2160
4240 525 870 1207 3937 1494 691 1804 4546 2754 3279 2254 3700 1936 3183 799 3713 3468 379 2587
2911 39 3597 3410 419 3308 3029 1180 1295 210 463 4267 4521 1393 4572 1440 2711 4093 3136 2725
3188 740 41 3710 1303 2962 2061 1457 3563 1268 534 3655 2611 1992 1401 165 3653 112 1590 4503
4569 3096 963 4173 3839 2191 1921 4521 538 4 4549 1499 3966 2135 4528 2841 4281 540 2989 1055
3188 2188 4968 3088 3681 3681 2974 2569 1312 764 2709 1846 3321 4930 3272 2925 3770 1220 4599 1107
1324 173 545 718 3885 3945 2590 4124 4209 1012 4216 4751 1567 4301 3048 3810 626 169 2569 4006
2911 872 3347 4897 3525 3339 1 2525 2539 3913 3945 4426 691 3099 955 784 3368 1673 2228 4830
113 3053 541 1422 4235 4288 263 3175 343 3410 3384 1564 1480 1155 282 1960 975 800 3810 1789
4626 33 237 4252 2758 2332 4795 2261 800 3388 4296 2054 2393 1892 955 1970 3606 2189 1617 700
4751 3767 189 1447 3138 4830 4426 3127 1726 1097 1888 3348 1872 531 4086 102 404 2247 1392 3172
4226 1859 4964 1989 3791 2312 1941 1394 1226 2200 800 3410 1669 1700 1549 296 165 1878 2860 3486
4964 2075 1422 2612 4245 870 4069 2854 2071 2817 1703 3057 444 967 959 2982 957 3880 2906 3272
1096 1234 626 4597 4703 679 366 1060 2982 1480 4666 1694 370 3373 165 237 210 430 2758 2138
1746 4097 2322 217 1637 4718 3984 4731 379 3157 3252 4488 3691 724 3211 4752 1103 379 3951 1971
2375 4906 1781 3534 3984 4573 4027 541 2368 4909 1610 1233 805 4734 746 1872 1951 3127 3127 823
1824 4798 3007 2817 2714 1313 2198 4826 958 2863 2573 4623 3375 2159 3443 1081 3350 304 2674 3667
4715 931 3272 1989 785 3574 100 3476 4030 3489 3789 4828 2441 3979 4049 4613 1892 2353 4795 4688
3770 1995 958 626 4542 3480 1613 626 2267 809 3115 1548 3892 3399 385 206 416 4707 3782 1271
1970 4369 647 2271 1797 2709 4561 2754 4826 2817 4309 384 1700 2656 1872 4106 3193 4599 2967 4795
101 4726 1284 1214 4216 799 3109 640 4826 419 2633 1703 1910 1822 1480 165 1846 4271 1872 465
2817 4990 3655 4026 3190 2911 1802 3873 1393 2762 3156 2982 4083 962 3317 2464 698 4244 4173 2830
1619 2582 1339 540 3880 327 3381 204 2368 4787 2926 2332 1859 2053 3831 4147 1909 3067 1782 4216
3899 626 1856 1884 2913 3817 2987 1846 1681 1256 2154 437 3265 3789 459 1489 4238 4277 3282 3642
3466 3539 2633 1267 1696 843 746 2044 1838 3727 1662 4632 1567 3307 2456 4707 121 1996 4393 341
2982 4398 4818 4105 1631 1354 463 698 4216 4990 498 1097 4182 3588 2271 4231 269 4758 1757 2259
3188 2188 3839 4245 2281 4683 4632 4253 2692 3628 165 2321 2228 822 2338 3789 531 4244 2606 1155
1619 212 977 1364 191 2178 1633 4795 2612 1581 1312 3466 808 4795 4460 237 3029 2377 3947 2674
1619 4964 3648 2128 3600 1075 3222 1710 2368 340 522 3988 2373 3707 3681 4226 1923 3115 4231 4826
2911 3142 2378 4659 1697 4597 3945 323 4083 202 3595 1366 1757 917 73 800 4826 545 3140 3123
2885 63 4742 2138 2352 4952 4826 2228 1726 4946 4475 2042 2219 545 74 4952 3825 746 1030 1804
2815 3021 741 1205 1970 1637 3713 4216 3313 870 437 3272 400 4956 430 4520 2772 2395 440 165
3244 4193 2508 799 2456 113 3550 132 800 3065 3362 3820 1155 1887 118 1123 3115 101 2830 3880
