4546 600 1884 2570 1257 4108 1034 4751 2406 4818 2356 2981 3378 2432 3680 319 3621 2311 379 4514
3710 4516 1921 144 4788 1831 2543 3285 2025 109 4853 1804 4802 441 1207 2830 4968 4432 4097 1931
700 1691 4523 724 2356 4723 3127 4568 964 1155 4797 1205 2702 0 3381 4946 4542 3323 1111 1331
1619 4008 4019 214 465 764 4438 811 3188 2040 232 4051 282 2188 1873 1878 1054 4626 301 4482
4245 3656 237 1011 1690 3012 172 3724 3880 4657 1232 428 1147 808 2006 2797 2342 2967 821 2820
3348 4239 3681 998 3150 3422 740 2824 3381 2373 1447 2872 2308 660 353 2424 3256 2665 2125 1733
1059 305 463 4610 1470 4195 982 1883 313 4520 1953 3348 541 1894 3555 1504 4504 4153 2436 4216
4786 3626 1370 4572 2345 637 3949 597 100 1155 848 2014 3306 463 430 1083 275 4490 1437 2254
3188 2212 2192 3053 753 958 597 958 2212 3855 4139 2333 3642 3404 1394 1205 3350 545 390 470
4751 2260 3188 329 3528 4498 462 498 1081 2712 2354 4990 1689 1035 3521 100 800 972 1840 2712
2004 4470 4027 2603 2103 3271 2314 1489 4096 3682 4593 821 1386 450 677 1453 4378 4862 1180 746
1234 4738 1238 750 186 1589 2689 1984 2241 4175 2054 446 2830 955 1205 2871 4628 3667 4841 1662
4403 4968 2680 4231 1892 3222 4818 2628 1205 3055 516 3667 4727 1639 4281 2301 2636 3565 4734 1234
4847 1055 4379 1097 2843 558 165 4853 1832 4631 2982 784 1951 4440 1550 465 4707 4231 673 1587
1641 3971 1089 4533 1286 1089 741 4356 1019 63 460 3534 1432 1993 593 2606 1205 2418 211 3681
2151 1696 4620 2096 3594 3475 3669 3130 488 96 4795 1096 809 177 1511 2967 88 2092 305 4795
543 396 1636 1374 1462 4358 1733 3574 3744 3715 2758 463 148 3093 1972 4947 4708 800 4931 4296
1468 1121 4711 3288 151 4236 2312 3313 4428 4998 2987 881 4865 1300 1286 1059 3342 1141 582 711
877 1872 3839 2487 2350 34 2859 2830 892 1470 2543 538 1371 2587 1522 3851 1952 2042 327 2254
1746 3102 2285 4102 3109 161 3898 4586 1184 1052 4369 3667 2795 191 4798 3936 821 3258 1119 4707
4571 1021 822 1075 101 1637 1868 3352 4780 2603 3897 4502 1701 4025 4824 1564 2569 2859 2138 4494
4968 2373 541 643 1359 375 4386 1561 1333 1781 4795 2247 1691 3467 1281 177 1489 4134 4974 1567
3530 1696 1489 4751 3430 2239 1883 155 3789 4475 980 204 2712 165 4434 2508 1879 735 3272 2085
2038 2022 1155 341 341 853 1932 2410 2393 4546 2631 111 2125 274 4134 2212 3068 327 1469 1522
3188 2188 4245 1452 2670 1308 1559 753 4642 4691 3032 449 3716 2401 1746 169 462 1822 2702 3266
108 4944 3048 4526 3872 2606 2309 165 1490 4548 1980 2656 2147 981 4408 698 2740 3467 2022 914
3222 4170 4377 2899 1328 2456 597 2766 4245 1255 1205 3433 3984 3724 2081 698 1122 821 911 191
3348 3902 3272 3808 4660 741 3767 660 4498 1364 2538 4795 165 479 2034 1053 1470 4408 210 510
3723 63 3364 3555 341 2935 1367 1410 4539 790 811 4880 1669 1989 3945 459 2612 2455 403 400
364 1155 1119 4245 2332 1696 4891 2284 3115 4255 1995 3943 1731 884 800 3810 1254 2989 1794 641
659 4990 2395 4702 4471 4243 1746 3847 2758 3048 3057 2815 4652 272 4447 3854 1616 1573 745 3984
1619 335 2863 3858 1145 3523 2340 1417 394 1909 147 432 3528 4626 1522 1005 367 2460 3726 4597
1913 4398 934 1073 165 1051 3495 2423 3880 3421 178 1219 2140 3503 4572 273 2075 2368 4988 2582
2817 1289 1423 2368 2777 341 100 4626 2292 96 1155 756 3780 3984 3342 3466 4583 283 1430 2502
1264 3478 1297 683 1581 341 408 3700 4068 3076 1879 975 3219 822 394 4542 498 1455 4799 2517
1012 4894 1172 1647 3188 100 192 1277 4157 545 2269 3700 4803 4543 4095 3222 2025 3147 4752 4451
4306 1839 2693 974 204 2604 3466 940 4426 1157 2754 937 956 1824 1565 4847 1005 545 1037 1616
1014 2188 2712 4383 3336 1669 1679 4632 4683 1639 114 2145 516 1081 39 910 2094 2809 4050 934
384 260 3990 3250 2901 2884 4957 3498 2201 3028 3002 4053 718 2332 4426 934 4019 4803 366 4937
3364 3528 799 439 2754 375 2094 2499 3431 4404 160 3028 1853 752 1872 370 676 2298 1703 3127
1565 3840 4626 740 4426 4301 1401 4865 3789 2902 3685 341 1122 1846 4586 4134 2943 3417 165 1234
2895 4216 2228 3721 32 626 4706 2269 1289 197 3936 4795 91 3880 1993 4226 4019 3705 1613 4100
3323 2609 3617 1037 3707 1349 800 3208 3858 4059 3626 4388 3072 2610 3946 894 626 518 1079 1463
4639 2353 4691 884 2342 4502 3776 1813 2356 1970 1467 4146 153 1301 3218 2763 576 1289 4195 498
4652 4295 4169 4169 1904 1121 1486 214 1892 939 1628 3550 4124 626 689 1909 2555 1232 3123 3238
3710 4486 1533 4742 570 800 4383 3656 4580 1067 25 2373 2063 503 3528 3337 1379 1039 173 2872
1619 1992 2178 1983 955 2821 2246 223 3310 484 822 2037 2830 4818 821 125 1884 2354 2214 2514
2911 606 2805 4221 2273 3196 1792 4729 982 2943 3681 1027 2445 1182 800 479 3337 1192 4026 332
2911 1810 3808 3789 4033 4626 4195 2872 463 822 3043 853 1480 3401 2226 1037 2886 1892 3655 522
2118 1530 3120 82 3132 2841 1969 2366 2178 1300 3872 3388 756 2739 4626 4709 4087 2876 3468 4494
113 2229 3217 1059 2525 1626 4339 3644 626 1700 191 4173 4426 821 1742 1033 3190 976 269 4916
2105 4996 3029 2247 942 4661 350 2999 1944 1172 4597 800 3523 4990 1251 169 2824 394 983 1051
4768 595 827 344 2494 2533 4542 976 3109 2795 3354 3123 1037 2974 4909 3215 4173 4440 4331 4798
1559 3428 4475 4281 4828 4674 2138 2228 3951 4165 2728 2022 3137 4602 4841 3434 1588 2282 4826 2817
3068 2001 1155 82 4231 263 3066 1954 3111 2733 3408 4216 4598 1061 2967 2195 2551 402 1696 255
3694 234 3767 4438 100 1392 3088 877 1600 2115 3087 3361 4825 89 1115 2038 4826 2436 2168 1401
2819 816 4553 4620 4748 4626 4531 2783 4216 822 100 2471 523 2962 4830 2712 690 1286 4573 1205
1588 1746 376 3247 2337 3179 4074 1143 1767 1996 4952 3206 3789 2301 883 2441 4426 4244 1136 4931
1641 2809 364 3150 1921 1698 1628 3115 324 4860 2830 2301 28 888 2817 3606 1636 595 1286 4059
2120 982 88 1969 3172 4707 4283 463 3700 1859 4964 1207 188 3945 1913 4742 2758 1691 908 3837
1468 2760 4599 3354 3984 4795 1096 1489 1394 1256 1129 932 3454 2149 1331 1846 972 1067 4714 4298
2911 2093 4487 4456 2557 4193 3528 756 4257 2611 2212 3364 4719 908 236 71 1081 4401 3803 109
3606 4019 1913 3243 3645 4883 1407 1058 3951 2606 3157 1870 1918 4968 746 2542 4990 4012 4515 2791
795 191 2569 2285 883 923 3403 1793 1323 972 4353 2250 4946 2037 3337 3180 341 1352 3048 1364
