2890 2623 2959 2831 4378 4168 3836 4323 1485 2537 2162 2523 235 2964 3302 143 2665 708 4981 2948
2674 1786 1232 4470 399 2523 3247 1173 1442 3990 3209 491 4158 3839 4890 3297 1380 3730 826 3340
831 1030 655 499 1845 1080 2332 537 4664 3808 890 4050 143 3793 1595 831 4279 2226 2528 1809
3930 3458 2882 3640 1232 4931 1028 1020 4513 3049 2695 3252 3629 1232 779 831 1867 2119 3906 4929
831 4254 535 839 345 1721 491 3626 2984 1147 143 3397 714 874 823 145 3049 1918 1845 3695
831 4254 2976 1059 1232 2674 4022 4098 1129 4502 4854 2195 1544 729 4654 2378 220 4929 4814 3396
4252 2202 498 4940 343 1616 4063 4388 1503 4578 3049 413 2683 1073 4125 3203 3218 4077 3933 4489
2506 3980 4050 1936 233 4876 1401 4225 4607 3960 2766 1136 3373 3629 832 4536 815 4264 2203 2612
1788 4828 2364 156 413 4183 785 4368 4051 1869 1680 3462 4412 4833 4726 3173 831 2143 4037 3100
4271 4375 4936 4496 2375 2054 4353 3644 691 2432 1676 1676 2410 413 4150 4264 278 4576 890 2883
3825 2364 4183 959 4310 1019 3208 2396 3448 3913 2978 3971 3972 1339 1816 3297 3163 4588 713 4965
3603 2364 3430 6 3454 2889 1262 854 2351 2882 4107 3412 2957 4227 3082 1574 535 3455 413 54
831 4252 4225 238 2418 4290 1960 3199 2052 1019 3071 1260 64 336 3596 1347 2 3390 3930 4534
1867 2131 4397 4629 1209 1277 1080 3196 565 3467 272 3468 2474 4367 4324 499 1080 4483 2758 2681
831 4254 2751 1885 3785 4950 212 3584 1526 1983 831 4658 3044 952 3135 1252 2985 2135 873 1723
4408 4958 4107 3834 2215 2571 3581 3321 387 72 4177 609 1080 443 4122 1192 2104 4436 2940 2203
2325 3990 332 3960 4629 4122 4738 2194 1220 1804 831 3064 220 4364 3123 1747 4629 4258 914 3912
831 4867 831 4570 2084 2364 3009 914 4926 4931 4048 4946 345 381 2916 431 3066 4444 461 2292
3912 1080 1809 2646 4755 1267 413 4093 3594 2765 535 4404 4429 4225 135 657 4664 4247 2351 3208
831 3490 831 151 831 1488 4628 3843 969 2641 2181 3557 3809 3933 4963 1658 3073 3512 535 340
831 3634 4286 2568 4726 4588 233 2418 1428 221 2619 2418 3269 4254 2031 290 3581 3711 2563 4232
831 4650 1816 806 318 3297 2368 4012 1832 1456 4664 278 4372 2054 4867 1438 1332 143 2364 1438
831 2109 1133 4629 1658 4196 882 1080 3572 4983 2452 2357 2572 3107 4629 2131 2131 70 1438 4144
831 345 3247 4145 4515 452 547 831 2109 3807 3572 2578 3313 4682 775 1541 633 4963 4750 1870
4269 4122 156 3565 1335 2751 4375 1908 1395 535 2507 4254 1284 3673 1516 4783 269 141 351 1878
831 2109 2039 3852 1575 2820 714 1531 72 2244 4726 3593 1309 4264 2513 151 1337 12 1809 4391
831 599 278 4977 228 4036 3946 4050 3712 2054 1578 1150 246 4393 1020 3596 2158 2996 3185 130
4617 4037 2446 3442 1309 2980 909 4721 73 1173 3073 4654 3049 1676 3398 1912 2375 4187 4644 1376
831 2060 1080 1578 3453 2121 3764 3865 1080 4375 2082 4544 2989 31 2135 1280 413 1347 3080 2859
2364 1296 4439 4264 192 2603 2374 3930 2131 1150 2501 2651 2851 2364 2953 3617 413 1258 2364 1310
831 3931 3252 10 445 172 3732 1654 1296 1979 4922 4664 3390 807 272 4 3082 4694 1707 3930
831 2242 2584 3545 1227 2364 4704 3575 3456 1848 2255 4200 718 1732 2028 4568 2739 610 1799 2482
831 1344 4475 535 3297 4507 2364 1183 1310 3577 4099 1816 3297 4472 270 1308 3533 2636 3680 3456
831 831 4254 535 2578 2355 4682 1771 4220 1310 4946 3036 2745 413 2046 246 955 2626 491 3154
4424 1080 31 413 2895 3619 482 4963 1104 4755 2723 831 3243 227 3855 4677 4098 4572 345 2881
831 1580 1067 2044 839 1772 898 2364 2568 413 2751 3017 2476 4831 141 1112 2820 2073 1934 4475
831 111 2121 2995 1851 441 1658 3903 4475 3879 2236 1868 4806 601 3933 632 1232 565 326 413
2164 3954 1788 1123 2560 4187 3550 114 1347 689 1676 1688 4549 491 831 1919 2441 1059 2665 2996
831 3715 3209 2446 4533 3319 3031 4636 2851 3771 1660 165 3883 4269 3828 1545 3222 2922 4876 1284
831 1522 281 4677 4098 2156 4196 2543 1807 3530 2193 2682 3843 1016 2590 1080 4098 2864 1080 4780
1956 3964 4582 677 2131 4037 780 1880 543 3075 141 3178 73 4269 320 599 4397 3010 1835 4437
831 3387 1080 4694 4325 4187 3142 4876 2724 4393 4429 245 2418 3729 1897 1435 943 3673 2923 3421
535 2565 445 3154 3090 4548 4815 25 324 2940 451 2430 2135 1536 816 4708 2985 3505 3881 4119
209 2695 2177 831 1243 831 2156 1046 3841 1453 964 4255 1093 2075 3151 3779 538 3550 831 3003
831 1671 2870 4166 2235 1955 3187 3930 1670 3297 1129 3901 2573 1767 2095 1016 1643 1565 3510 3712
831 2396 1346 4074 529 2599 964 4500 2270 4876 209 3864 1075 413 2746 586 1511 1356 1019 4258
831 4458 4382 4892 2671 1309 413 2901 7 112 3869 1960 783 4014 4965 4970 166 3530 811 1792
831 91 1855 125 4391 1342 831 2455 2870 3308 1472 1933 2671 4340 1427 3247 3018 4252 4828 44
831 213 991 3644 3385 865 2679 4550 109 1676 59 73 3249 359 565 2364 2126 3075 2364 3491
831 831 4252 2499 3338 633 489 3660 2685 3084 4082 4895 4311 2807 4098 1080 145 828 1141 3592
2694 4043 138 1753 4963 2573 491 24 2745 3670 4637 4658 2900 1652 1622 2578 2968 3871 3218 3215
831 4723 3297 4424 2763 4673 1736 831 3064 3950 2131 4780 2543 2909 126 2137 1807 3396 4247 4476
831 2245 1334 3783 3712 1536 343 57 1049 565 491 4019 3946 1315 3847 1997 2507 183 1526 3297
831 4614 2165 1682 4291 3104 1937 2364 2672 874 2332 2883 121 4876 1652 1730 2891 4404 1321 1309
1810 1438 601 1855 1855 3297 1232 4383 831 831 2042 4196 2916 661 424 1309 3339 1459 70 419
831 2029 4685 3004 278 1133 3326 2503 491 228 2047 2131 2446 2314 1019 413 3109 4876 4418 2573
831 2054 3091 3263 2146 1953 1080 3014 1080 3930 4680 1413 3433 72 413 831 3572 4576 334 4583
831 599 1831 2765 4107 4177 4636 1080 3948 1051 438 4876 2416 4682 1310 1409 2664 3930 4726 707
2499 4681 3864 2385 942 1511 535 2810 3530 243 138 745 1080 2940 4658 1961 4372 1889 430 4033
2181 3825 4658 1411 609 983 2956 1740 565 1753 3150 4069 580 1364 4425 1080 1080 1080 2217 543
831 599 642 345 413 4800 3095 4180 1319 3605 1488 2269 2749 2364 4197 1977 2476 3523 2665 3790
292 985 226 1267 2898 535 4694 437 1019 3566 3667 4826 1260 4544 4127 2855 788 4554 2745 3787
1807 3297 4040 2502 1080 1080 1080 1080 3675 831 327 2584 837 1290 535 831 943 1302 1080 3837
831 599 1038 2935 1965 4640 1883 3930 4111 2578 3665 2434 2460 2578 2056 2054 3028 138 2161 4388
