1913 1696 642 923 193 2767 1619 2118 4255 4095 2169 2688 4826 2095 3831 741 3076 4456 1283 2457
2922 65 3269 2872 2368 1489 188 3644 799 3617 4573 949 344 155 2939 3621 2406 1696 2752 3135
2004 4470 1883 234 1696 911 1205 756 3336 498 2474 3899 3337 2593 4426 276 2373 102 3656 2373
2004 3945 2095 2709 4456 1993 2485 3623 4795 4990 4632 3295 1818 3239 2778 3819 1964 2342 1311 3624
3971 4195 150 1829 2178 2817 4542 470 499 2817 449 4844 1669 3129 4019 1906 1962 4844 2514 3378
1641 4026 2533 3486 3344 3147 113 479 1580 2650 567 3211 1113 4232 1723 3965 1444 3029 3127 541
870 3945 3916 4734 3945 389 173 2436 1328 1328 2220 1480 1555 4666 479 1244 4134 597 1727 2010
963 2190 4746 1921 588 1379 112 4628 2783 4108 503 2760 3681 148 2195 23 4108 1993 4824 3705
947 4803 3489 3576 626 4231 4426 1884 465 545 1630 2145 2177 2882 4680 1447 4299 2318 2326 4243
364 4448 4841 3945 1127 4891 3157 2779 2690 114 1155 823 2810 747 637 865 4364 1114 1659 1312
4029 4194 2599 3854 3024 2633 2614 411 1824 3789 4245 955 1107 2817 1110 2466 1625 4482 217 4195
4246 3211 892 2176 937 2354 822 1880 2039 2943 4795 1696 3076 1036 2897 1971 1993 3683 4765 2247
4364 1859 1562 113 2859 3608 375 1017 746 2023 3752 2062 4409 3640 1019 626 2911 1750 1787 3164
1074 3880 340 1685 2178 661 611 2304 28 3251 1626 4520 1286 1394 3682 4383 387 4764 1663 3966
1619 45 4632 4632 3048 516 1286 1415 691 3105 2926 2103 2511 2819 229 1982 388 3212 1872 873
521 1696 217 2899 3138 4147 210 3711 3475 293 4844 2419 4802 1193 2131 1733 2830 3681 1631 3196
3452 1696 1894 2678 4830 2590 3265 1617 1027 357 4339 2183 3946 3747 3123 4870 1631 1866 4195 3047
4342 4358 1453 4994 4148 263 883 3048 121 3563 465 626 4367 4281 2500 1629 2336 4339 1155 787
4546 2617 1619 1921 4566 4037 2467 1998 3023 3188 2832 1155 2004 2888 2175 1869 2702 3528 1879 4787
2017 3272 3029 2078 3723 1331 39 1642 718 3667 4231 3368 1590 652 3315 626 626 4410 1739 2885
947 3791 3626 1969 2854 1249 1123 248 4078 2018 465 217 169 4597 4240 2008 661 4708 1213 821
495 2032 997 3595 606 3694 1175 3005 2436 3467 3150 366 4707 1043 4669 1359 4001 4626 607 2705
4231 3766 3220 2881 3241 2598 4502 102 2758 3130 364 3609 1819 1349 1379 1504 3002 221 800 4383
1619 4751 800 3828 698 2280 3984 2758 2103 787 2832 4207 4795 2220 1748 741 4267 499 2928 1467
188 4102 346 3157 3133 4301 4891 4733 846 2846 1169 1619 4853 267 3680 4012 1328 3984 2078 3984
4503 2871 4597 2859 459 2105 3936 1059 4001 3157 2342 4795 4732 1856 2220 2427 3337 473 3448 4498
1619 1859 4468 375 2758 4947 4293 816 3544 3892 3724 3029 2350 4804 43 3667 2336 2116 3116 560
3834 2763 4662 4103 4928 1386 3899 246 1300 3984 2983 3409 3951 4822 1853 4819 103 3951 2745 3036
1739 4542 2192 463 4245 2449 2544 1286 4632 127 2457 2395 617 319 545 3542 4245 4165 25 3156
2983 4081 42 463 4763 4853 3163 1812 1548 3115 100 1709 4826 958 2768 2851 3165 1659 3520 317
2359 1289 746 1846 4372 617 65 2662 442 3965 1549 2146 2670 1453 529 463 4142 3686 477 1150
3364 982 3048 92 1873 4618 2387 4911 4702 4425 2631 4632 738 956 2229 2188 4470 2436 626 3228
3782 4888 3222 821 1099 3290 2070 4990 2678 3667 113 1477 831 2744 3337 1861 1921 2587 2712 3222
3606 4158 238 3736 800 676 3272 800 2040 2670 2301 2092 4195 3543 139 3130 3950 3030 4787 2711
3308 626 4597 4997 4968 4288 1911 2071 4515 959 1447 611 955 3310 2841 1108 1593 3020 379 1123
1956 4158 69 955 4644 4473 2081 53 2592 4795 927 2353 2885 4399 1453 1784 3263 2340 955 3645
3478 4033 4308 3285 2402 4204 481 1309 2279 2679 3138 2105 1597 4478 3373 494 1364 4110 2285 165
3188 955 1921 3508 2354 3839 1155 4966 1058 1628 1412 3691 165 822 1051 3879 4768 1097 2368 741
1330 4265 3048 3123 4 2105 2644 4702 959 766 4108 1232 253 1349 4826 3368 2625 4247 3521 210
4847 2167 1696 1190 1207 960 4726 1859 430 1453 910 4795 1846 2651 3218 3682 4377 4971 3115 1313
870 2768 1239 4915 1832 1421 2368 821 1703 538 1005 2054 860 955 2811 2373 1480 4216 2352 4694
3981 4023 2236 2626 3045 2712 1726 1889 1774 1804 121 3088 3177 1797 960 2572 3002 1716 3814 2301
3348 1787 1654 2841 4049 621 2049 2538 2859 4059 4548 3071 2094 2656 2679 4703 73 892 3722 4737
384 4195 3819 2056 3457 4644 2808 4655 4153 2702 3660 4990 1337 30 4002 4281 4523 3949 4257 1176
3364 3028 2177 1176 4830 4636 597 2711 1722 2092 4210 4394 2885 2524 3883 4634 1292 1879 3057 3227
2911 1447 3364 1051 3375 1641 4184 4718 492 639 4649 955 2497 2158 4599 3395 1581 2022 956 1286
2966 4048 1051 186 4743 2133 2160 3931 4707 4225 3066 2138 4267 821 4824 2051 1263 533 3902 4853
1839 3407 892 1453 1337 4195 329 3047 2967 4216 1143 2655 1471 3732 16 4754 2115 1559 4012 670
224 1727 934 3039 2403 3936 4977 917 3648 3623 1993 1421 1499 4853 4634 4687 165 4247 1239 1695
4342 4555 4946 463 366 2147 1742 1859 4372 1155 1977 189 1232 217 225 1155 2047 1445 3115 1916
870 4866 4715 497 4561 4542 4512 1032 522 2792 2472 2881 798 4632 601 1872 1678 1733 2909 2459
1619 2373 4891 878 2373 1114 1333 1589 463 2307 1626 2247 3036 626 2406 2756 2935 341 3261 155
4569 3317 2499 1581 1669 3808 3547 165 3037 4795 779 34 821 3682 2719 432 1872 853 234 1696
3788 800 2228 2373 3869 17 4068 647 4609 4216 1480 3984 4478 3656 982 224 4245 1121 1133 3435
140 263 959 3110 77 4586 2436 3516 4597 3883 4359 98 459 4966 3718 2070 4947 3336 3053 1989
4564 1669 20 3466 3839 4462 2982 499 2939 4862 4968 3486 2486 4503 959 3348 1793 3543 2699 3295
2829 958 1696 3500 1433 2228 4097 4680 63 4415 2171 2603 2312 3577 2665 1143 2450 4295 3414 2259
3244 113 4671 4666 4795 2910 1205 3789 3626 2020 2435 1085 3655 479 4557 534 3973 624 4660 3799
1760 1392 2629 4702 822 2160 1215 463 2606 3414 599 429 4661 1418 4490 1103 2492 4211 4059 4448
4983 24 1628 3694 1265 1703 2740 4959 2011 2586 1653 2436 600 4952 121 1812 2612 774 1155 2765
4298 4835 3099 3493 1650 1746 1176 1544 2347 1193 4566 4298 3165 100 4243 373 1636 261 1757 2075
1693 2373 2758 3352 4653 169 2192 3723 3142 2763 139 3024 2466 2373 3065 3435 810 2809 1088 503
517 1289 958 410 1549 1416 2665 3645 2387 217 1972 465 4026 3789 2748 4216 128 4572 1239 94
2118 975 1220 4768 2034 1701 4964 910 2657 522 4998 162 1129 3441 2018 961 4857 2018 3032 2252
