1559 4232 2103 3467 3285 2368 4795 2424 2670 1176 2214 698 2358 1295 2436 2885 100 1477 2247 4288
743 1628 4024 4487 4632 4694 357 3115 3220 4610 4597 4362 1972 4795 177 1453 4236 2508 4529 3466
4037 1619 3035 3863 2350 2824 4691 2702 307 3220 288 3608 4203 2375 4160 769 3594 853 4990 3057
1468 411 1628 2317 1993 3115 3680 1392 3434 3864 523 1296 2628 221 959 3538 3691 2518 915 1951
4799 2881 3323 4209 2322 1859 3279 854 3783 3628 1455 2679 3929 2553 2925 2057 4033 4436 2373 4305
2911 3261 886 4632 98 2105 2625 805 821 165 1904 2898 504 3726 2555 341 2497 4407 2373 3007
947 2982 982 2533 1114 2914 165 4549 1406 626 626 2911 563 2358 4802 165 2242 4746 4245 2648
1074 958 4632 4830 3945 4288 2490 1733 3265 4817 450 4913 131 3798 3752 668 1905 4305 3550 3625
473 2034 1296 1972 3065 3692 1890 1393 3227 1555 2312 2382 3409 3715 1286 2022 545 121 1217 366
1595 3633 3018 3053 1213 2352 3411 3213 3770 2146 3277 3705 626 4332 165 3461 1813 2402 1564 634
3907 4585 2783 3330 3882 3685 2466 691 3776 263 2397 4915 465 4632 1490 1055 937 3118 4437 821
2911 1892 2988 3583 2495 3169 3608 839 3842 4790 344 4780 1059 4990 430 2782 4952 4467 541 4573
2318 3655 1549 1195 1470 1470 1251 915 1590 4952 4694 1726 1742 82 3936 4882 290 1287 790 1147
2651 4315 178 1846 901 4448 3681 2131 2911 1892 1304 1043 3578 440 4542 1596 3655 683 2070 3220
1619 2093 1846 1394 2645 870 2366 463 2711 3289 2070 1433 1003 4108 3114 3526 3736 3170 248 306
1628 3185 1895 746 2494 1797 74 874 541 305 4475 3694 360 3667 1429 1457 1221 3118 2074 4216
2895 2856 4417 2830 3071 3912 2486 2128 1344 3013 2167 2353 35 1872 3582 2224 87 92 2670 394
4834 4968 1215 975 808 2411 113 4153 1989 626 2774 4283 3739 4644 344 4586 3118 1348 4773 4910
4245 2751 1776 773 822 3029 1726 4824 154 672 277 3774 393 102 3190 2911 3916 1565 2499 463
1494 4186 3448 1916 3785 2135 2194 3984 4195 1757 63 784 4597 4923 697 1097 389 465 4768 394
1360 1200 4108 3814 4216 121 3088 1982 2756 3190 1171 3752 3951 3433 229 3491 3399 165 4797 1647
2895 428 1636 4626 373 1824 2967 4653 2885 3981 1071 4216 3925 4386 2974 2745 2106 191 3013 2395
4364 1613 230 3047 4798 3282 3575 4752 3099 2153 2514 366 818 652 917 1872 114 4026 2747 3766
2911 1892 2703 3071 909 626 4304 24 3152 100 2896 1244 806 1755 1037 1500 1453 2574 4514 2628
4232 2334 2609 4632 2533 1917 764 465 4097 3685 4997 3700 4725 4108 1564 4891 712 1281 1267 2936
3241 2192 2457 2690 2312 4540 4429 2871 231 4990 210 1374 831 1995 2508 596 994 2373 2301 522
1839 644 2109 3053 3028 4976 2213 2104 3667 1555 2830 1895 1936 3027 2755 4660 4597 1059 746 2200
3710 3550 3800 4844 1784 3363 4015 1154 155 1555 541 3217 1804 3430 1286 3856 2974 2146 3115 3725
3211 2989 4072 4632 2957 3348 1567 165 3945 3246 4548 283 4946 4426 106 1230 2928 2228 822 2817
1548 155 4968 1876 100 2494 1045 324 4826 3110 2307 2625 4632 1088 2830 3988 64 3700 2755 3002
373 763 1628 1553 764 4472 1248 2094 2526 4377 1344 490 3465 4108 1599 1191 4216 718 1699 2758
1760 3586 3222 1096 3575 1565 3123 2754 4836 2269 1106 3921 4966 959 3642 341 4438 1892 3563 821
1619 4564 1328 1995 4521 3528 3691 4707 740 2885 1451 1728 4019 4328 3744 4678 3433 4073 204 114
2999 3789 2767 4539 3172 482 1637 750 3532 41 4147 2774 4170 4108 2872 1710 2289 2872 2406 2824
625 2456 3378 1942 1119 10 4723 3454 1695 1152 4023 3902 2617 4632 3093 4221 4609 3053 1344 3916
1839 3156 2228 1201 746 2312 3435 1180 1846 1809 1470 501 388 4636 379 746 3127 3323 4844 476
4364 723 2967 4968 260 373 2457 947 1173 1698 3243 1969 2070 1205 1173 4521 2758 2932 4626 2199
2911 2569 1494 1444 2832 3564 2597 877 1161 4128 3236 3854 3053 1331 4383 1659 3701 3592 1301 4288
870 3490 3290 2284 335 2895 4566 465 2565 4653 2482 2640 1075 2819 3378 731 3839 463 548 805
2978 1743 2612 4956 2269 2758 2260 4153 3227 1275 4055 45 1696 1746 121 4838 3684 3879 3700 1289
1068 1696 2228 958 144 3152 75 3448 1637 4798 3522 4632 4347 2699 822 4649 4990 956 4298 1637
4821 3261 1892 3208 4787 3681 165 3580 4183 4952 4012 4632 2354 822 2228 4426 545 3190 1921 822
366 577 1350 4260 2071 905 32 1639 3945 4426 3509 2352 3500 821 3150 800 1996 523 545 3797
4626 4661 3816 1480 3396 1879 344 660 1364 3199 4097 1281 2212 4666 717 3879 4813 3468 600 1300
1550 4132 4971 2523 1895 3602 1700 1862 24 1739 3802 496 1892 4566 547 1647 3711 4707 4891 4355
3364 3038 1215 4515 3927 3968 3433 2518 2911 600 2709 2763 4297 1486 1790 2841 1296 1729 1057 2086
384 2899 4377 534 1097 361 103 463 156 4443 1846 2436 3808 3149 4961 165 2333 3350 1739 3071
4559 2456 3772 4153 1969 626 3710 2413 3869 1691 907 3984 2399 4099 606 4377 1872 171 2868 2911
2911 3769 955 2797 2815 4026 815 2271 3147 1429 1352 2275 2279 3018 92 3309 1710 1797 596 479
517 4707 3157 1989 3819 718 1637 2051 1586 3568 2841 2161 1207 3157 2920 2697 4995 3970 860 3869
2318 378 4503 717 799 88 934 1328 2854 4952 2835 1371 344 3147 418 4000 3242 2580 3211 2712
4878 79 4675 2712 3127 2293 2049 3381 2841 3406 1121 591 1173 3115 1972 2368 4173 3772 3945 3752
3164 3359 1739 3323 63 880 892 1453 2962 714 2424 2064 1703 3127 2018 2282 2536 3519 2619 3076
2911 1892 1884 226 2929 2928 3739 3782 2308 1054 599 27 165 4946 1716 1696 3344 1936 1641 1703
4751 1829 2324 4632 3311 1207 4828 4448 4153 1005 631 490 148 4751 755 113 862 4364 148 3272
3532 1618 1328 1215 4666 4691 2925 2627 4360 3261 1207 642 165 1642 1883 3323 3142 4878 1829 1278
4011 191 2670 3082 332 4468 1327 411 862 3738 2590 541 3402 4238 1984 4539 4339 2765 3521 1450
886 529 2373 3789 4216 1683 4022 1477 1872 3554 1869 1846 2590 63 2639 2151 2645 3408 1499 2756
4569 918 988 793 2146 3538 3462 588 1748 3093 3504 2350 3772 402 1486 1628 3021 3486 645 3538
4964 800 1083 2486 3229 4266 3489 1669 3029 125 1669 3115 3188 3359 332 4821 503 3061 4773 2247
3188 2910 4518 1045 1872 2561 1102 3309 2854 2914 714 124 4216 3691 1872 4023 2054 3680 822 4448
3364 4798 4990 4703 4697 3313 1907 1616 1489 3337 1440 4563 1286 3218 1855 3831 4880 2609 1453 102
2038 4005 3869 4295 2754 3029 4691 1280 2183 3433 2525 3208 4283 129 4246 2088 1205 4430 4533 169
4995 284 3688 2103 2106 4151 1637 1398 684 191 3164 4605 202 4020 3305 4518 449 4694 4285 4965
