2924 2974 626 3479 1617 1005 1483 4733 4426 3053 2628 959 4141 4787 2054 1190 626 1829 4795 1696
2854 1392 366 1036 3410 2034 2712 3984 750 822 4718 959 3642 3479 4216 4808 4546 538 2033 460
4834 4999 1678 3861 393 92 869 4383 2892 3256 3465 1704 2754 3143 4049 1530 2020 4278 2178 3723
3364 982 449 2194 169 2989 479 3259 597 1936 3604 4379 3736 4731 1429 1467 4626 1286 2375 1364
3188 4388 3088 2888 516 3410 463 3808 2429 334 3220 1453 2322 15 2982 1348 3018 3814 3785 2637
870 1504 563 2474 3410 2967 4653 4561 2256 1452 4632 641 3667 2112 3528 751 2228 4173 1960 3831
1998 332 2911 88 269 1037 3253 400 3700 2497 260 531 597 235 2612 985 3784 1469 1888 4853
2152 3367 1562 4746 97 3610 3682 1872 3789 2817 2269 3866 3919 3499 741 4209 3053 1716 2424 4470
2823 4102 100 173 1696 307 3626 3620 3140 3215 4702 4070 1142 3737 182 3521 2500 1030 3678 1614
3323 1810 1993 4946 1369 4070 1077 47 465 344 463 3466 1453 4768 3378 2872 3115 1781 1470 647
870 4485 3526 3568 341 4127 3264 4735 2918 4583 4902 2313 4734 1859 4701 2629 753 3314 1480 4216
4304 4378 2279 2034 937 2963 2017 2368 2758 3294 1073 1 169 3100 3543 4095 4026 2612 1616 2345
3188 1884 3839 63 746 2352 983 3285 3687 388 4726 2854 379 2351 3984 892 4049 2185 379 4806
1559 4546 3899 3694 459 2038 3844 2628 2741 3414 1249 3332 800 2818 1704 3211 2368 3632 3586 4948
4569 1576 4377 2567 1530 807 2406 1617 2301 1480 3284 1586 1887 3973 261 746 4216 4923 2841 3534
3971 2819 4401 3324 3474 2146 4477 3116 3783 3965 1723 2895 1654 4636 1255 366 1251 2257 3916 3550
1595 3644 955 4457 1653 3272 2395 3690 1755 736 1503 4245 121 912 4 2533 2665 1142 2054 4542
2982 306 4964 2763 954 2499 4936 3066 430 465 3071 937 1154 133 3672 800 800 3123 4398 4019
3899 4940 3236 2487 516 4288 4326 1832 3739 1921 2830 4925 3681 1306 1930 3696 3218 2830 1637 3279
2765 915 2646 332 83 949 2645 3433 1392 3323 4546 3115 3523 4327 394 2072 894 4798 2662 3364
113 1059 2503 3130 3772 2902 3808 1342 165 1337 3267 4830 4426 188 2824 1430 592 387 4826 4691
870 312 2940 3849 3103 2868 2872 3479 3685 4097 3420 360 1921 3951 4108 4795 288 3769 2712 4550
102 4968 2373 1152 102 2882 3578 1189 1630 2228 1255 4636 217 821 4020 3681 4931 332 2330 915
4786 4253 80 3863 3767 3883 3694 1303 3899 2609 1625 3048 4181 4662 2191 2967 837 1669 3467 3467
4344 1367 1831 3568 1490 4509 1099 174 626 10 217 1571 1726 2420 2179 4206 2038 1581 204 2274
3899 2664 2911 3002 3222 2178 2830 2817 2859 4108 1917 2775 3608 1995 2780 99 3262 4549 100 3538
870 1657 597 3045 1540 1921 4946 1872 3402 3589 3402 4626 3554 1433 4946 2095 4751 148 3691 856
4403 4966 1782 2368 698 4391 1568 2925 83 800 2686 2300 2281 2353 4114 2611 3288 2754 4990 3306
1324 4834 1613 2276 1855 4250 121 2203 3007 2915 1429 1660 3067 4626 1205 3831 4100 2356 1723 4600
312 773 854 4787 2853 4575 3381 502 377 2436 3307 1696 4533 588 820 457 386 1860 2881 3875
4944 1956 20 1037 2946 4660 3774 898 4262 956 2373 1790 2860 560 4944 3247 4193 3899 1797 1600
4703 653 408 1696 1773 4114 3691 2018 3433 2679 2474 430 4362 4957 4666 387 429 475 3399 3401
2097 3996 2095 934 2611 69 1873 4644 4210 2140 1005 1546 2665 2657 2178 2899 597 1533 2982 2444
3466 1696 283 1930 1790 409 3432 3213 3150 1271 633 2544 1393 2445 2342 169 915 3251 3554 2397
1656 4189 4244 59 65 2623 3681 4309 4516 882 2611 2007 169 3467 3626 252 2436 2974 161 409
138 4231 4751 394 1563 3273 4081 1467 4577 374 4296 121 4433 4216 8 1336 3875 1415 1806 463
3789 3530 4626 3783 813 626 2770 2859 2063 4599 4389 4097 4134 2285 4790 3317 1336 3127 1716 4097
3059 2127 1567 250 121 1286 2352 3281 1993 3039 1859 1995 4468 1205 3808 3799 1748 4626 1286 4200
2456 3350 370 800 3650 2169 2817 3685 593 169 1551 878 2928 3071 2352 64 3984 4669 341 169
1950 1892 430 3700 3550 878 336 924 160 4546 3710 4474 2741 1364 4012 4632 2178 261 2904 3502
2982 4955 3076 2611 3713 4372 1249 1917 1328 4142 4142 3863 4386 1392 2670 302 3325 4795 3809 3146
226 740 1977 2054 2178 1117 3798 2067 3547 2352 4947 3071 2928 4724 3241 1616 331 463 234 821
870 1967 2702 2063 3323 2436 108 1455 3256 926 1489 169 284 4331 2625 2858 1691 1715 2758 3528
3870 3655 2488 3175 1723 1700 4670 3285 3127 955 100 165 3285 4962 1005 1155 4033 1846 3486 3048
3188 3188 1921 3875 450 2817 2854 2800 1304 2094 3655 2745 3528 909 4751 3127 2974 1289 2711 1990
2119 173 1696 1123 4030 1225 4830 557 2765 1155 1452 3555 4754 2456 4717 4754 4821 659 2103 2368
1595 1081 4173 173 3543 1794 4948 3807 800 4952 808 4583 3707 1696 3212 1696 2569 3532 2626 1168
2192 468 4649 541 4068 4643 3383 1628 2542 3352 2611 962 3322 1993 2884 2715 1263 1726 1074 2044
3767 3161 2749 734 3222 3756 4269 3815 3750 1401 3109 42 463 3774 2782 1804 2472 1887 1715 460
3864 2987 1378 1297 1637 1761 1846 3236 4521 4221 800 499 1141 2038 2777 746 156 1517 3818 3527
1525 4047 3211 102 642 2329 1470 388 750 899 3198 130 921 4555 4412 2515 1301 3403 4527 3959
1619 2091 757 3319 1837 3543 1075 2436 465 626 2138 1286 1423 690 3528 2298 4374 2543 816 4994
172 3798 4298 4012 982 3285 4666 4426 4244 4724 2830 2096 2817 3034 525 1840 3170 1680 4480 479
3816 1337 1691 863 99 741 741 3947 887 800 463 2817 2872 844 662 2350 2097 98 2011 2859
870 1678 3448 3067 956 3017 258 2754 4542 34 1295 821 2629 3086 3290 1912 3621 3286 1824 3378
1628 796 1574 1297 1286 3276 1960 2596 465 2442 4708 3681 4398 111 4745 82 4697 725 2368 1737
1540 3770 4751 2432 2859 2248 4282 3700 426 1121 1894 3691 587 564 4025 121 4751 2188 4129 3853
1619 3914 2038 151 1824 9 125 3690 4954 1846 680 2987 247 290 1332 2933 4711 2200 3964 4626
1959 1245 784 3309 3614 4804 767 3262 3313 4383 2062 3467 1467 3984 4626 1452 1970 1286 4728 4653
3621 4888 3410 3007 800 3655 2378 2018 3071 1746 4486 2149 1855 3279 2254 224 2777 917 960 2368
1628 4548 106 1568 2893 1394 2220 3621 2970 461 1716 4702 4723 2872 4946 2592 2538 4977 846 2027
2308 3655 2228 2990 4494 2308 4142 1733 165 273 4632 1324 1990 3509 3386 3272 2356 962 1696 1286
4862 1267 4295 2054 1447 3915 2219 3798 2129 2254 1832 1739 3505 1373 3704 1012 4216 621 2573 1074
2525 1921 1065 3536 1058 840 1155 2622 430 2974 3612 1565 2108 4417 1872 2436 4909 821 3869 1854
