1619 3914 2373 2830 800 46 800 3239 800 100 2817 4990 800 323 1716 626 626 626 626 626
1619 1619 100 1696 3131 100 100 821 3139 1696 1286 100 1696 748 2373 292 1846 2373 2830 2817
1619 3914 2373 3014 2373 2830 2817 2646 113 1628 800 463 1286 4139 100 100 1696 1470 4097 2974
1619 3914 2373 2830 2817 4990 626 626 626 626 626 626 626 626 626 626 626 626 626 626
1619 3914 3156 100 800 1286 100 800 4383 1286 3913 2373 2830 2817 4990 800 463 1286 2842 1286
1619 3914 2373 750 1846 3791 1048 2813 100 100 100 1696 1696 800 1884 800 800 463 1286 4813
1619 3914 2373 964 626 626 626 626 626 626 626 626 626 626 626 626 626 626 626 626
1619 3914 3156 100 800 4241 626 626 626 626 626 626 626 626 626 626 626 626 626 626
1619 3914 2373 3014 2373 2830 2817 165 4946 1846 1884 4697 1696 463 1286 1286 626 626 626 626
1619 3914 100 800 463 1286 2817 4990 800 4906 800 2210 800 2373 2830 2817 4990 800 3556 800
1619 3914 2373 2830 2817 4990 800 1286 1628 2373 800 3823 1846 3776 463 1286 1979 800 2088 21
1619 3914 100 100 100 1696 2891 100 100 1696 3139 1846 2373 2830 2817 4990 800 113 800 3682
1619 3914 2373 463 1286 1433 165 113 1628 800 4835 100 1696 1650 4347 800 1153 463 1286 958
1619 3914 2373 3014 2373 2830 2817 4990 800 1381 113 800 4575 800 2196 100 800 1644 1286 4742
1619 3914 3156 100 800 288 626 626 626 626 626 626 626 626 626 626 626 626 626 626
1619 3914 2373 2830 2817 4990 800 81 800 800 2334 100 1696 3054 2373 1152 165 1846 2373 165
1619 3914 2373 1378 269 4475 626 626 626 626 626 626 626 626 626 626 626 626 626 626
1619 3914 100 100 1696 626 626 626 626 626 626 626 626 626 626 626 626 626 626 626
1619 3914 2373 3875 800 1286 626 626 626 626 626 626 626 626 626 626 626 626 626 626
1619 3914 100 100 100 1696 3277 800 1060 100 1628 1696 800 2917 1993 1286 100 800 3081 2711
1619 3914 2373 2227 800 3682 2891 1696 2216 165 3738 121 4888 463 1286 224 100 165 100 2420
1619 3914 2373 1340 3466 1696 800 2063 1628 800 463 1286 800 1286 2373 800 741 1286 100 100
1619 3914 2373 3677 1480 1804 800 2105 496 461 626 626 626 626 626 626 626 626 626 626
1619 3914 100 100 1696 800 463 1286 626 626 626 626 626 626 626 626 626 626 626 626
1619 3914 3156 100 100 1696 45 626 626 626 626 626 626 626 626 626 626 626 626 626
1619 3914 3156 100 800 800 4383 1157 100 3466 1696 800 1286 100 800 4838 626 626 626 626
1619 3914 3156 100 800 1286 100 100 1696 821 165 4426 165 4990 626 626 626 626 626 626
1619 3914 3156 100 800 808 3682 1933 626 626 626 626 626 626 626 626 626 626 626 626
1619 3914 2373 2830 2817 3466 800 463 1286 3808 2657 4990 800 4383 800 4547 165 4649 800 750
1619 3914 800 463 1286 821 165 113 1286 165 1696 4401 1148 800 3597 100 100 800 3682 4460
1619 3914 2373 2352 1286 100 800 3065 800 4383 2327 2807 165 626 626 626 626 626 626 626
1619 3914 2373 3014 2373 560 800 1286 2373 2373 2830 3466 1696 1286 821 165 100 800 1628 800
1619 3914 2373 2351 1846 1846 2373 541 3466 800 1286 100 100 1696 2445 100 1696 626 626 626
1619 3914 2373 2830 2817 4990 1286 100 800 463 1286 1344 1696 1286 800 3344 100 800 463 113
1619 3914 2373 4101 165 4946 1286 3156 100 800 4288 100 1895 100 1628 626 626 626 626 626
1619 3914 2373 3014 2373 2830 3466 2373 800 100 3127 800 2817 4990 800 2058 800 2373 2830 2078
1619 3914 2373 3014 2373 4383 1340 165 4946 1846 4258 2702 1696 2542 626 626 626 626 626 626
1619 3914 2373 3894 2352 821 165 100 800 2323 800 551 1846 2373 100 1696 25 100 2373 2830
1619 3914 2373 2830 2817 2818 3466 800 4219 100 1696 626 626 626 626 626 626 626 626 626
1619 3914 2373 3014 2373 2830 2078 1042 1696 1628 800 1846 4426 4666 2817 4990 800 4383 800 4006
1619 3914 2373 2830 2817 4990 800 3767 626 626 626 626 626 626 626 626 626 626 626 626
1619 3914 2373 3014 2373 2830 2817 4990 800 3156 800 814 800 1623 1286 626 626 626 626 626
1619 3914 2373 3014 2373 2830 2817 4990 1286 2711 538 3975 2373 560 4997 800 100 100 1696 228
1619 3914 2373 4043 800 100 800 955 3466 626 626 626 626 626 626 626 626 626 626 626
1619 3914 2373 3014 2373 4067 800 100 800 3682 165 4946 100 100 1696 821 165 4475 2373 165
1619 3914 100 100 100 1696 2063 4533 100 800 1286 100 800 1286 100 800 1286 100 100 1696
1619 3914 2373 334 483 2830 2817 4990 800 3828 800 4771 800 1286 626 626 626 626 626 626
1619 3914 2373 2072 626 626 626 626 626 626 626 626 626 626 626 626 626 626 626 626
1619 3914 2373 1846 3156 100 100 1696 821 165 100 800 100 800 1286 100 1696 821 3139 3945
1619 3914 2373 3014 2373 2830 2817 4990 800 2754 2373 1286 463 1286 4990 800 1058 4990 1286 2918
1619 3914 2373 3272 800 228 800 463 1286 626 626 626 626 626 626 626 626 626 626 626
1619 3914 2373 3014 2373 2830 2078 165 4946 2373 165 165 4946 1846 1846 2373 2830 1696 100 800
1619 3914 2373 2508 165 113 1286 100 1628 2373 165 4946 1141 3595 1846 2373 463 1286 1017 1846
1619 3914 2373 3014 2373 2830 2078 332 2817 1696 4337 1286 4245 2525 2621 626 626 626 626 626
1619 3914 2373 3780 800 800 3682 165 4946 3713 800 1155 4990 1286 3550 1286 4528 165 1846 3156
1619 3914 2373 4930 800 463 1286 800 1286 2673 800 1286 4649 800 755 4063 2373 165 4990 800
1619 3914 2373 3515 2669 100 955 100 100 1696 234 1696 1666 800 800 4383 626 626 626 626
1619 3914 2373 2119 3875 800 463 1286 4364 4575 800 100 800 1286 2373 1286 3165 1698 100 800
1619 3914 2373 840 673 962 2817 4990 1286 1286 100 800 4170 2373 2830 2817 4990 800 4000 800
1619 3914 2373 2830 2817 4990 800 2471 2817 4990 800 604 1846 3156 2373 165 1696 2494 3600 626
1619 3914 2373 2830 2817 4990 800 4906 1286 2711 165 1141 2368 800 3682 165 4946 1846 2373 165
1619 3914 100 100 1696 463 1286 100 800 1969 800 800 1286 1619 626 626 626 626 626 626
3466 626 626 626 626 626 626 626 626 626 626 626 626 626 626 626 626 626 626 626
1619 3914 3156 100 2817 4990 800 3675 3858 2078 1697 626 626 626 626 626 626 626 626 626
