4968 2442 4597 626 800 522 4424 3479 4834 3411 1919 853 1636 3433 1752 332 4718 872 3105 2526
2911 1215 3710 3799 2665 3372 3912 430 3144 192 4664 4644 3208 2133 3065 3466 1958 1160 531 982
4853 2824 2600 113 1455 1624 2402 2191 4426 3220 3132 309 2859 2373 741 3577 4281 4797 4962 4426
3188 685 3452 4636 2178 100 3645 4195 3945 2617 4915 1014 2395 15 1215 100 3285 261 617 1829
1014 1278 2759 645 4774 626 626 4597 626 626 626 2911 1832 2897 1155 3736 352 821 2833 800
1619 718 520 4081 4816 4252 4670 165 4946 1846 1971 1080 1781 4586 1480 1433 2854 2657 2974 800
3919 1103 478 619 4526 4573 2358 465 886 4471 1598 4729 3127 350 3352 3936 1995 4189 3115 3222
2605 962 1617 2999 1148 2247 298 1489 2350 261 2711 293 4921 1993 1629 62 1312 1528 1894 121
4012 2188 4226 3113 2963 673 3260 2817 4828 3067 2836 3680 340 2262 4729 2018 1207 2640 3262 3990
870 4548 690 1359 4797 3041 2542 3680 4932 3869 3403 1733 2446 1894 626 626 2404 114 877 1119
384 400 4981 2149 1480 3614 1303 2004 746 3737 1422 4555 1 403 1774 4460 4481 3842 1027 2178
2372 2353 542 1280 165 863 3707 3681 547 1213 2494 1587 2322 2650 1846 766 2078 4862 2603 366
3466 626 626 2911 2871 1739 3467 263 4108 987 3724 3468 2373 2401 3682 549 223 3522 2436 1499
1619 3205 203 4912 3606 2553 4244 3681 2457 2301 1453 1804 3280 1894 545 1155 1107 2106 4307 92
3945 919 4027 745 764 1499 443 125 3396 4270 144 1470 1053 795 1773 4026 3466 2940 4520 341
954 2118 2553 4636 937 2436 998 98 4386 3115 4386 1792 4024 455 3591 1729 4726 626 626 626
113 1367 2871 3710 2960 2678 4966 2963 4862 2051 3973 3937 3241 2162 4561 3272 1073 4305 366 1452
2862 2020 3599 517 1469 1205 4812 958 3543 4754 3445 27 1952 4004 4645 377 488 1703 3251 3102
3019 3181 188 4990 2603 4653 1176 4295 379 4339 3086 2298 4946 3019 545 1581 4844 611 2022 4886
2939 1337 774 2373 1695 1637 2085 4327 2274 3199 165 4229 3695 3763 2031 100 923 2679 1286 1336
2741 3077 4666 2817 4316 1781 1470 3863 2732 459 3768 4817 3800 416 341 4051 3052 3930 1121 3127
2911 240 4194 225 3945 113 463 4428 3542 4245 3819 3476 3642 2841 3914 421 30 2543 141 1804
2971 3478 2989 2598 3330 3379 1121 4626 1155 1892 173 2872 498 1455 100 2885 4218 811 334 979
870 1696 3105 1515 1114 2670 1400 1804 2542 463 4267 4216 2906 585 3466 63 958 225 1176 4252
733 955 4184 2817 604 2203 35 4383 237 680 784 613 2352 821 70 4812 1676 712 3810 1237
3059 2670 1071 746 4851 478 463 3092 148 947 1155 2967 1155 1333 4183 2078 2157 4520 1932 243
3710 955 4599 4751 1977 819 3057 2429 1628 3655 2692 2598 3685 4624 4597 1776 1802 4575 2533 1034
4083 626 1544 1993 366 4736 626 4287 626 626 626 113 608 3872 2091 915 3880 2817 3521 2882
1619 3059 757 3412 3110 3358 3798 1394 816 1394 722 1413 1141 2368 4059 1597 1147 1107 932 3650
2982 1361 1446 4632 2354 2354 822 3302 3984 626 1574 1088 169 1821 3645 4733 1155 1629 4044 4453
473 2010 892 1228 1761 4549 1729 15 2352 1006 821 3462 2373 3808 100 501 3681 3975 3152 191
3306 3395 3466 2911 2569 1700 4597 1798 3388 994 4097 2982 476 1858 3350 3183 1658 773 718 165
1595 2817 329 4822 4691 217 1455 3445 1342 908 191 626 4597 626 2565 1453 3645 4246 4178 1328
3726 3466 3448 2373 1452 626 959 821 15 4304 2711 102 4232 2395 893 4648 1463 4070 2051 1470
1619 1639 2373 3943 1823 3844 753 2967 4299 4019 2932 1097 2598 102 263 102 4240 2022 4002 2332
1619 2745 398 382 781 3880 4697 1913 545 4795 169 3404 1878 1636 659 1743 2817 4193 2967 3551
4888 3272 1972 463 237 1044 4597 800 3190 341 939 1628 87 1859 3854 2510 3126 2081 4136 1155
1823 1172 626 626 1461 3612 1549 1077 2373 61 3606 3323 3650 303 4575 4221 800 312 2239 3154
3466 1234 886 4295 4691 626 2814 2930 3163 800 3399 853 1106 626 626 2406 626 626 1829 4668
2532 2555 1374 2835 4379 822 481 2675 3523 1576 4216 479 4104 2815 3053 1433 1239 4811 3222 2179
4245 3768 4830 2612 3258 113 606 2925 2200 538 2765 4108 4522 3951 325 2817 2923 955 3645 331
2372 4795 2823 3320 2719 2712 805 2911 3839 1217 702 1016 2503 2034 2273 548 3307 1392 3119 2178
1894 1289 100 1443 2817 4891 2712 2533 821 909 1121 2292 3661 1977 3945 2145 3667 372 4305 2885
4232 1608 3395 531 4377 3381 1671 63 1251 3571 2683 1932 3705 169 1089 121 2141 503 2442 3222
517 3555 4246 1453 3880 2967 774 3275 463 2308 4036 1696 3789 130 3789 4232 2228 2389 4021 2850
2911 1412 4843 1249 64 1339 2022 4012 3304 3329 4 3486 592 4573 303 3705 3058 883 4003 4496
3188 2817 4774 2569 4281 334 3789 1723 2939 774 1213 808 3053 1499 3143 1286 3655 3348 4419 4947
792 800 4864 4453 4232 2748 3478 3567 1859 3302 3685 159 2373 430 165 4946 1691 121 2327 2194
1619 1249 4826 2911 647 4653 3238 3403 3769 4266 1920 106 4990 3774 1568 463 3568 1285 2815 4428
2118 163 1859 4798 4795 1249 2062 1344 3242 4137 2456 492 350 4475 1114 4377 745 1155 1887 4386
3573 2373 4222 263 1361 1160 4475 3846 3710 753 2525 716 2655 4189 2258 4426 548 1480 4653 975
3309 284 3971 2911 899 2656 4372 3029 4195 3700 1659 394 121 282 4844 2817 1688 204 3791 3127
4569 4955 2650 2456 2228 346 860 341 341 1281 2782 2974 800 1464 1115 4575 110 1117 740 1143
1324 2334 2742 3945 4216 1541 1225 4814 3120 372 88 4971 4862 2368 821 1813 1716 3814 3138 3115
364 690 1277 4408 1530 2623 1455 1624 4597 747 394 43 3782 3466 217 2192 4817 3680 3810 4990
2070 1837 514 4747 1323 972 2105 1286 3057 2075 4470 4803 1989 784 3443 923 4980 4860 1838 78
3710 1859 955 317 3215 366 955 1641 4243 4383 2706 4153 955 144 2587 1295 3700 1611 612 260
4231 4175 511 1289 4232 3381 3457 2582 3466 2657 3655 3433 465 626 3753 523 2580 3899 3802 962
773 4528 165 4632 2979 437 227 2621 3679 4632 4787 934 3984 4573 892 169 2436 165 1892 965
1628 2373 3348 3681 4653 4281 1063 1504 1443 4369 3313 2662 4816 1928 436 484 2872 800 3527 4395
3899 269 3713 1720 2228 1568 2655 2611 4727 1921 2411 3394 430 3901 645 1059 1535 2711 1097 3218
3791 1291 1205 1877 2824 4632 4097 2474 1155 4426 3802 3984 3115 3190 3898 818 3185 1467 4021 1729
3236 756 1779 1440 4401 113 1286 2350 2913 2795 3919 3621 82 3029 117 2655 210 2913 1490 463
3710 2311 366 4129 2874 956 1630 2373 4723 2158 1715 416 1155 2640 4991 370 1610 3774 2711 4182
