1770 2387 831 1059 2312 1503 3875 3474 633 3433 4170 723 2877 2916 4876 4653 1269 907 4107 3297
4983 3334 2121 4854 1982 757 2497 143 2772 4063 4516 1872 4808 1770 2581 2871 224 1625 2425 831
4667 2107 3681 1616 3084 3308 1136 3387 1682 3664 3218 4336 1937 2335 394 4501 4358 4763 1261 70
4783 1597 2812 4401 2011 4022 2759 3171 1182 220 3629 1 777 3803 3641 1578 2695 1835 2599 3815
776 568 1128 2355 572 2404 1144 543 83 1008 2244 356 413 2501 2789 1536 2846 2883 308 1653
831 2906 1203 4961 1392 4170 1215 4237 470 1258 2364 1310 3438 1676 2602 609 2743 4401 1578 1243
831 3330 3002 4783 4075 3431 4117 3641 3240 4032 4504 2399 3083 1300 4014 1105 297 138 3593 788
1539 4943 1763 3084 1490 1693 1202 4191 2533 2135 3960 2054 3796 758 3790 1340 2538 973 1143 4808
1780 4143 4014 1080 2116 3147 565 445 4541 4841 4005 504 4005 4541 832 243 1572 535 60 4358
1638 2450 1417 4430 4687 2473 2364 1028 3606 1309 2916 4063 4290 491 4158 1214 4824 2727 1129 4864
3462 3028 53 3462 826 4731 2671 4431 2418 2203 3557 1854 1185 4997 4592 864 4857 4291 4050 3971
3634 4254 4475 3474 4473 4726 1260 3217 396 2054 1937 1350 308 3644 4037 1061 1051 2844 4644 4867
831 3590 2364 2826 83 2727 6 4623 460 468 4436 2364 4258 1611 3542 2119 714 1528 4687 1507
1311 4163 320 3308 3021 1286 1788 72 1767 1902 1300 2933 2203 4563 4475 2561 4876 2018 839 2043
831 2029 4783 409 2623 3066 4269 52 85 2500 3843 1269 3458 3650 543 4260 2644 4022 4656 305
3001 1480 4784 3487 4269 3121 1937 3066 815 2075 3646 3577 610 2758 2260 3224 4966 2794 4151 1799
796 2971 985 4664 3491 4014 2235 2765 301 4978 1214 491 166 3249 2665 4014 1671 143 2381 1324
343 3028 1319 794 1325 2463 1772 345 3536 1019 4538 831 831 3543 1958 2135 449 2738 4385 1123
53 2265 3661 2527 1016 396 3191 2357 831 3875 740 1826 2131 2045 1049 3711 1407 2181 3931 667
831 1215 3636 3193 413 3089 558 4239 2251 4372 3275 554 3930 3787 2455 4263 3333 902 4475 3786
540 3085 4649 2364 820 3091 4755 3617 1296 4413 2203 3827 3488 4269 3277 4391 1648 1041 3050 2314
3852 2759 291 2362 1413 758 2000 3297 2181 2103 4808 3948 4563 3901 926 2687 4264 605 2721 419
4446 940 4201 4258 2985 2614 4196 143 2682 629 1309 1324 3297 151 4247 4908 3226 466 3336 4843
3066 4444 4414 3661 726 1300 2558 1165 3640 3243 789 1080 1196 3379 4358 3836 616 4740 4558 2098
831 4533 3569 2611 1123 1453 3044 2052 548 4419 1128 3771 4372 2512 1487 3901 1807 48 689 4755
831 2453 2478 4375 909 3735 2558 975 1889 3670 2210 4682 1232 860 1331 2871 1347 4676 1446 202
3689 4050 4935 3911 4625 1131 1319 4215 4124 739 4387 2694 1889 3220 120 2364 716 3459 1579 4014
831 1847 3609 2137 174 1269 413 3652 1144 4016 4617 1723 3178 3379 929 575 1018 1816 689 3089
4292 3142 3218 48 2590 2364 4025 4004 1829 220 284 2492 4531 2153 1643 4908 4638 1920 3219 2021
1809 4391 3049 4927 2374 2964 3980 2203 2796 4705 1649 1154 2721 4372 3002 3199 4440 1594 1712 1884
2430 4988 959 4177 344 1799 4225 2882 2574 705 3151 3172 4329 4154 3217 1019 3555 503 4372 3930
345 4716 3918 4063 1762 114 2868 4046 327 2531 4206 4556 3667 3297 708 1416 4705 120 3209 4383
4304 1688 1724 2985 2203 4989 1493 677 1070 3721 3721 599 4698 4536 1498 157 1215 1654 2978 3933
2190 3302 290 923 2968 1752 2831 3558 382 1080 4588 2788 2882 3206 2427 2682 4277 1341 3936 1488
145 2665 4414 716 692 831 2181 1884 1296 1712 4116 489 531 2418 4885 4680 3296 176 895 80
2446 4027 2021 1112 504 2674 1809 1312 3695 2326 771 413 3546 2919 413 2077 1835 1309 4582 2081
2721 733 4670 4602 3695 2875 2671 4726 2866 1880 909 156 3079 4050 2005 2700 1286 1465 843 1386
1227 2625 445 320 4014 3003 3377 52 1310 4491 1150 1262 4929 1676 3247 1243 141 2765 3509 413
535 4783 3491 3222 3726 3849 1637 4372 2424 1888 61 1528 4262 138 3243 1950 4157 3120 3688 565
4541 4582 4664 3269 704 2334 2501 2885 681 4231 788 534 2434 2364 3588 4968 796 29 1352 2265
4929 353 2727 138 1673 3838 3983 1337 417 4269 2347 173 2287 1105 1490 4 2925 1129 1102 2901
4425 2885 1016 4628 4101 2156 2782 1504 1666 4558 3650 3528 2203 1019 4980 491 157 2761 1050 4014
831 3634 2131 2119 143 3574 157 1908 426 117 1192 1725 3911 4028 1216 1994 2859 2916 1232 668
807 3062 3764 2968 4308 753 1967 1173 4876 272 2747 813 2509 4234 596 3688 2282 1886 711 3096
831 3634 269 3073 4983 1775 3262 2387 1080 3456 4526 2649 2437 714 4740 4755 815 3589 1775 4843
4004 4545 4074 3401 4312 1124 91 1371 3612 1269 1765 319 3598 3386 3550 4568 1319 3870 4053 4234
354 2672 1884 2525 2978 3971 565 3968 3653 278 4437 843 1371 503 4927 1019 4912 2265 2723 4239
2156 1454 1865 2723 4160 2518 3396 999 3853 4557 973 463 3456 1170 327 2364 4618 319 3142 151
1703 4249 2888 546 2513 4941 4082 2968 2916 4227 4726 164 3212 4780 4507 2965 4545 2362 4404 545
4004 2679 3096 2684 647 1632 483 842 2513 4435 710 4705 3930 4312 3777 357 1041 328 2957 4268
4582 3792 3576 165 227 4941 2224 2050 1066 3284 503 3433 2578 4418 486 491 2800 227 2603 3308
831 2832 503 2323 228 831 1325 4300 2434 4093 1358 1019 3823 887 4290 4872 354 1109 3031 3853
4009 3084 4255 4370 3779 815 3075 2935 4950 855 4359 2152 2297 2135 2011 700 4264 4265 3202 43
831 4279 2324 4761 1511 4437 3257 315 864 3066 2640 2310 2203 3498 3963 4510 3609 4181 4774 1937
3001 4783 1260 4582 3126 3057 174 4653 2244 780 1109 4556 535 1434 1272 174 3065 4542 1697 4273
555 834 3608 80 964 3721 3314 1080 3152 3021 656 1748 3059 4438 2964 716 4399 4755 4099 2938
831 3285 2617 4312 1763 120 143 3386 3922 2359 2945 1557 2131 4372 138 3922 2904 401 3297 2573
831 4254 4475 3616 4204 80 1550 3831 831 3948 2434 831 70 3783 1548 3630 4840 2390 3373 2794
1703 2418 1309 1887 1488 1036 4226 4109 4290 3841 3102 4502 4943 3313 2450 2963 4720 1358 4305 1678
1355 2653 2861 855 1298 3412 3734 1080 1080 770 1903 4722 700 431 735 3523 4002 2333 3712 3610
831 2890 560 98 1488 1775 3930 1298 3594 3333 3373 4489 1252 4755 4769 2702 2395 3859 145 2258
1311 4177 4029 2815 1767 1080 1681 2772 4034 4595 4666 831 890 1880 4545 2292 3853 1799 633 942
758 1347 328 1481 3845 4372 4799 2158 1506 4986 1262 545 4507 4987 1296 4391 431 2418 1732 1634
4329 2463 4355 2460 1260 1435 2828 4404 1331 1136 4391 855 1347 689 1962 522 2364 1625 3247 147
