1619 3914 2373 3014 2373 2830 2817 4990 800 1286 100 800 1286 100 800 1286 100 800 1286 100
1619 3914 2373 3014 2373 2830 2817 4990 800 1286 100 800 1286 100 800 1286 100 800 1286 100
1619 3914 2373 3014 2373 2830 2817 4990 800 1286 100 800 1286 100 800 1286 100 800 1286 100
1619 3914 2373 3014 2373 2830 2817 4990 800 800 1286 100 800 1286 100 800 1286 100 800 1286
1619 3914 2373 3014 2373 2830 2817 4990 800 1286 100 800 1286 100 800 1286 100 800 1286 100
1619 3914 2373 3014 2373 2830 2817 4990 800 1286 100 800 1286 100 800 1286 100 800 1286 100
1619 3914 2373 3014 2373 2830 2817 4990 800 1286 100 800 1286 100 800 1286 100 800 1286 100
1619 3914 2373 3014 2373 2830 2817 4990 800 1286 100 800 463 1286 100 800 1286 100 800 1286
1619 3914 2373 3014 2373 2830 2817 4990 800 800 1286 100 800 1286 100 800 1286 100 800 1286
1619 3914 2373 3014 2373 2830 2817 4990 800 1286 100 800 1286 100 800 1286 100 800 1286 100
1619 3914 2373 3014 2373 2830 2817 4990 800 800 1286 100 800 1286 100 800 1286 100 800 1286
1619 3914 2373 3014 2373 2830 2817 4990 800 1286 100 800 1286 100 800 1286 100 800 1286 100
1619 3914 2373 3014 2373 2830 2817 4990 800 1286 100 800 1286 100 800 1286 100 800 1286 100
1619 3914 2373 3014 2373 2830 2817 4990 800 1286 100 800 1286 100 800 1286 100 800 1286 100
1619 3914 2373 3014 2373 2830 2817 4990 800 1286 100 800 1286 100 800 1286 100 800 1286 100
1619 3914 2373 3014 2373 2830 2817 4990 800 800 1286 100 800 1286 100 800 1286 100 800 1286
1619 3914 2373 3014 2373 2830 2817 4990 800 1286 100 800 1286 100 800 1286 100 800 1286 100
1619 3914 2373 3014 2373 2830 2817 4990 800 1286 100 800 1286 100 800 1286 100 800 1286 100
1619 3914 2373 3014 2373 2830 2817 4990 800 800 1286 100 800 1286 100 800 1286 100 800 1286
1619 3914 2373 3014 2373 2830 2817 4990 800 1286 100 800 1286 100 800 1286 100 800 1286 100
1619 3914 2373 3014 2373 2830 2817 4990 800 1286 100 800 1286 100 800 1286 100 800 1286 100
1619 3914 2373 3014 2373 2830 2817 4990 800 1286 100 800 1286 100 800 1286 100 800 1286 100
1619 3914 2373 3014 2373 2830 2817 4990 800 1286 100 800 1286 100 800 1286 100 800 1286 100
1619 3914 2373 3014 2373 2830 2817 4990 800 1286 100 800 1286 100 800 1286 100 800 1286 100
1619 3914 2373 3014 2373 2830 2817 4990 800 1286 100 800 1286 100 800 1286 100 800 1286 100
1619 3914 2373 3014 2373 2830 2817 4990 800 1286 100 800 1286 100 800 1286 100 800 1286 100
1619 3914 2373 3014 2373 2830 2817 4990 800 1286 100 800 1286 100 800 1286 100 800 1286 100
1619 3914 2373 3014 2373 2830 2817 4990 800 1286 100 800 1286 100 800 1286 100 800 1286 100
1619 3914 2373 3014 2373 2830 2817 4990 800 1286 100 800 1286 100 800 1286 100 800 1286 100
1619 3914 2373 3014 2373 2830 2817 4990 800 1286 100 800 1286 100 800 1286 100 800 1286 100
1619 3914 2373 3014 2373 2830 2817 4990 800 1286 100 800 1286 100 800 1286 100 800 1286 100
1619 3914 2373 3014 2373 2830 2817 4990 800 1286 100 800 1286 100 800 1286 100 800 1286 100
1619 3914 2373 3014 2373 2830 2817 4990 800 1286 100 800 1286 100 800 1286 100 800 1286 100
1619 3914 2373 3014 2373 2830 2817 4990 800 1286 100 800 1286 100 800 1286 100 800 1286 100
1619 3914 2373 3014 2373 2830 2817 4990 800 1286 100 800 1286 100 800 1286 100 800 1286 100
1619 3914 2373 3014 2373 2830 2817 4990 800 1286 100 800 1286 100 800 1286 100 800 1286 100
1619 3914 2373 3014 2373 2830 2817 4990 800 1286 100 800 1286 100 800 1286 100 800 1286 100
1619 3914 2373 3014 2373 2830 2817 4990 800 800 1286 100 800 1286 100 800 1286 100 800 1286
1619 3914 2373 3014 2373 2830 2817 4990 800 800 1286 100 800 1286 100 800 1286 100 800 1286
1619 3914 2373 3014 2373 2830 2817 4990 800 800 1286 100 800 1286 100 800 1286 100 800 1286
1619 3914 2373 3014 2373 2830 2817 4990 800 800 1286 100 800 1286 100 800 1286 100 800 1286
1619 3914 2373 3014 2373 2830 2817 4990 800 800 1286 100 800 1286 100 800 1286 100 800 1286
1619 3914 2373 3014 2373 2830 2817 4990 800 1286 100 800 1286 100 800 1286 100 800 1286 100
1619 3914 2373 3014 2373 2830 2817 4990 800 1286 100 800 1286 100 800 1286 100 800 1286 100
1619 3914 2373 3014 2373 2830 2817 4990 800 1286 100 800 1286 100 800 1286 100 800 1286 100
1619 3914 2373 3014 2373 2830 2817 4990 800 1286 100 800 1286 100 800 1286 100 800 1286 100
1619 3914 2373 3014 2373 2830 2817 4990 800 800 1286 100 800 1286 100 800 1286 100 800 1286
1619 3914 2373 3014 2373 2830 2817 4990 800 1286 100 800 1286 100 800 1286 100 800 1286 100
1619 3914 2373 3014 2373 2830 2817 4990 800 1286 100 800 1286 100 800 1286 100 800 1286 100
1619 3914 2373 3014 2373 2830 2817 4990 800 1286 100 800 1286 100 800 1286 100 800 1286 100
1619 3914 2373 3014 2373 2830 2817 4990 800 800 1286 100 800 1286 100 800 1286 100 800 1286
1619 3914 2373 1388 2558 800 800 100 800 1286 100 800 1286 100 800 1286 100 800 1286 100
1619 3914 2373 3014 2373 2830 2817 4990 800 800 1286 100 800 1286 100 800 1286 100 800 1286
1619 3914 2373 3014 2373 2830 2817 4990 800 1286 100 800 1286 100 800 1286 100 800 1286 100
1619 3914 2373 3014 2373 2830 2817 4990 800 1286 100 800 1286 100 800 1286 100 800 1286 100
1619 3914 2373 3014 2373 2830 2817 4990 800 1286 100 800 1286 100 800 1286 100 800 1286 100
1619 3914 2373 3014 2373 2830 2817 4990 800 1286 100 800 1286 100 800 1286 100 800 1286 100
1619 3914 2373 3014 2373 2830 2817 4990 800 1286 100 800 1286 100 800 1286 100 800 1286 100
1619 3914 2373 3014 2373 2830 2817 4990 800 1286 100 800 1286 100 800 1286 100 800 1286 100
1619 3914 2373 3014 2373 2830 2817 4990 800 1286 100 800 1286 100 800 1286 100 800 1286 100
1619 3914 2373 3014 2373 2830 2817 4990 800 800 800 1286 100 800 800 1286 100 800 1286 100
1619 3914 2373 3014 2373 2830 2817 4990 800 1286 100 800 1286 100 800 1286 100 800 1286 100
1619 3914 2373 3014 2373 2830 2817 4990 800 1286 100 800 1286 100 800 1286 100 800 1286 100
1619 3914 2373 3014 2373 2830 2817 4990 800 1286 100 800 1286 100 800 1286 100 800 1286 100
