831 3501 2244 535 3773 1067 2500 565 3983 3025 3065 1358 567 4513 3398 1984 4391 4063 4874 535
4425 3282 4737 2364 1930 2996 2418 4862 592 2077 3418 245 565 2868 1305 831 3003 1249 2077 1625
1983 535 4666 2364 2312 4183 1080 1352 1080 1073 3542 2141 4644 1243 1075 65 4671 4634 43 716
91 3319 2527 3441 1835 2467 2737 1937 3462 2909 202 2538 3706 2124 2909 4988 2156 2244 2338 2953
476 457 753 4128 1124 3398 4983 2038 1137 91 2958 1222 249 2364 1137 3877 1019 1019 3017 4636
831 3811 3873 1666 3469 2115 2131 72 2735 2434 2124 2892 807 3674 1809 616 4788 2736 3509 3302
3873 41 2131 831 4965 1296 3909 4850 675 3132 2457 4 4158 810 2327 689 2206 684 1887 3512
2333 4290 2284 2989 3062 2003 4987 2572 1562 1214 4447 327 3170 1676 2073 1638 1321 2002 1310 4516
2817 3946 17 804 3787 4311 4128 1170 1332 1775 337 4596 721 2054 2663 2819 2968 253 4796 4854
2380 1080 4022 535 1232 2500 4312 541 3246 3930 712 1053 3017 12 235 278 1232 535 2287 2759
4425 2410 4854 2572 4892 2666 2060 1155 1503 3875 2957 4164 3815 2277 2301 2828 2563 840 3576 1649
1799 278 3534 816 4671 3533 2442 1107 1937 1578 2051 3675 4258 3530 2951 4636 2590 2966 4070 565
3066 4614 209 1324 409 2555 263 3001 3412 4037 1732 2509 4426 909 1673 3764 4404 973 1086 4582
4582 1713 580 492 4654 70 3583 2443 3773 4321 2520 4063 1834 3297 816 4372 4475 4537 831 2121
472 3095 3277 796 4783 371 3045 4226 1260 4687 1641 3706 1181 2848 2418 2402 831 1182 38 3741
2631 2502 4803 1719 4029 4737 506 1305 4372 2555 1950 3990 3710 4756 4505 4570 700 1166 4063 685
776 831 1031 625 831 4672 3444 264 4454 2061 4037 2500 2441 1006 1269 4292 2203 420 403 1080
1762 4890 743 4558 705 2427 731 3263 54 2683 249 633 1347 4582 1488 1752 4966 1046 4194 4811
1305 1305 2292 2084 1503 2065 2900 3233 2135 1368 889 426 1314 2398 1888 1181 3126 947 4876 4536
831 4754 2752 3361 3188 1681 66 1246 599 1494 689 4258 4404 386 3208 3728 3315 4759 4682 4472
3462 1358 942 1309 1861 1131 2968 105 3901 3661 1937 855 779 788 1016 3412 4832 1880 4568 1473
3574 2418 4574 1153 1345 493 4358 3482 3221 2745 4166 1051 3244 414 1203 2001 716 1080 1809 2571
4004 2376 2554 733 3954 2152 4053 3942 1070 1313 2656 4450 3215 2315 1959 2980 1108 3251 673 2314
2919 4292 70 4848 1308 599 1227 2135 3002 4966 4364 305 1754 2964 1772 2297 1835 1966 3202 3930
4359 1685 3718 1059 2193 3695 1277 3721 434 2607 1644 4959 543 3178 4492 3530 2273 3337 1809 2965
3528 1310 480 1291 1421 2364 2430 4896 4050 2364 2314 1937 4961 4459 2573 1673 1740 43 489 3845
3634 1985 4668 1083 914 3787 3539 1523 4960 1816 2924 949 145 3209 4232 4963 3049 1445 4351 85
3916 4671 3293 2492 80 2527 973 3793 345 2979 4164 70 3073 353 565 924 1243 4134 2562 491
831 872 1940 4783 2665 169 2520 4738 4882 4838 1049 1131 1539 4154 491 3319 217 3779 4507 1809
3634 2446 2759 3842 3542 3957 443 3572 2397 2466 1799 59 808 2226 2873 2126 1731 747 545 3462
476 3629 2916 1004 4783 2593 2913 2629 4098 289 345 959 2890 3091 1018 3340 993 2989 1787 4022
4682 1202 3319 4601 2760 831 1309 4311 3218 1799 2578 4353 4953 409 1269 1269 718 2402 2241 2255
831 312 953 4311 4629 278 4180 1969 2275 3572 3297 3990 2765 2515 965 1347 2044 485 4408 3583
3980 3643 3548 1088 4755 811 542 3692 4620 4099 2707 4716 1937 565 1422 3255 162 3820 4346 1115
3777 332 4963 3209 1809 2695 2203 1732 190 3074 588 2758 1119 1809 2978 2418 1045 1807 633 4885
3001 4783 3712 319 673 141 4448 3482 1330 445 4664 3268 2047 3634 4963 312 1104 4277 1799 3735
2181 2981 2244 2088 2962 1789 1401 377 3432 2509 3462 4828 1445 2126 2326 4571 3115 4134 1972 2242
3001 4783 185 3180 1080 2940 1474 3502 4098 468 3518 3936 3662 1787 123 1099 3638 3930 1080 3270
3010 1358 3297 3969 4557 3140 3787 4290 2745 3034 959 3073 2936 3014 408 842 4870 779 3717 1598
2372 3634 1325 2130 726 831 1080 202 1640 4395 4917 1080 4563 714 2963 14 3836 2772 2203 4578
831 3349 2543 3342 2660 3076 1990 4425 2603 1379 143 1346 4619 2922 1286 1480 2203 2737 1584 4050
4617 1438 2372 443 3801 4301 2314 3902 1446 3765 4980 3933 48 3862 3025 1887 1086 3171 421 3001
1881 2697 3792 1427 133 3238 3297 4063 143 2665 679 689 2465 4782 2623 2054 1128 1703 4988 1262
4582 312 141 2259 3911 1381 1380 1421 1865 3510 4706 3100 2979 4783 352 3412 1204 3152 3888 2380
1215 1358 2047 3297 3196 3873 2964 2195 2364 2140 3692 3990 85 4472 2054 4000 722 4063 3634 1835
831 3003 3751 2235 2610 3901 2922 3275 1505 2904 2303 4332 2343 2523 1748 2602 4373 1799 503 4636
831 1915 1503 2573 2381 4541 3642 191 3653 3433 4526 4265 4672 3530 2106 2375 2763 3912 1080 992
831 4063 1982 3396 1816 187 3405 3572 2573 3497 425 2300 2771 3028 3793 1951 2407 1080 4074 359
555 4603 1395 522 4826 535 4588 489 2695 503 1953 4784 4014 1136 3319 309 4533 4671 1700 2387
2434 1112 3870 4119 4696 4963 3957 547 4638 3460 248 4110 3575 2590 2868 1848 4104 1155 4039 2843
2450 4358 4158 2671 610 4329 503 1303 3142 2215 3898 4290 3493 860 1925 4774 4784 1615 3589 3537
2434 4568 1702 3247 1977 3288 3243 3803 2603 4475 1830 3209 2726 4553 3670 231 4431 445 3249 3151
831 1447 4043 4726 120 413 431 1080 4726 4614 1129 127 177 3980 1734 1054 277 1744 3151 2390
2296 3052 2331 6 145 1865 3843 4871 2364 1867 2578 2216 4037 164 4004 2775 164 79 4808 3969
4617 633 3825 2252 695 697 507 4646 2156 568 563 2406 1080 609 2554 2534 1075 1775 4927 4407
1232 1136 1441 4501 627 907 52 2117 4324 1309 2434 1465 2462 1883 2413 1440 2091 308 4753 1080
831 3984 3558 2415 25 1080 696 2082 4977 1319 1381 2333 2156 3998 3281 1713 4475 1158 4784 4200
1112 4783 4304 3313 1948 4387 4895 2666 1834 2434 2364 2934 1832 3121 262 3717 3594 2001 2623 3710
696 1834 110 4000 142 3843 1092 3065 4098 716 3273 3705 3846 831 3366 1016 3842 3089 2460 4993
831 2299 2835 2244 3644 809 2487 1435 4676 2131 2963 1347 4290 3629 2126 3024 535 2326 2671 1985
4425 3505 4664 551 4733 824 796 1465 2802 535 4726 118 2570 1450 535 1738 1099 2988 3843 2461
2384 4950 2578 312 3379 3854 1889 1490 2334 4672 1809 2357 4401 3565 3028 52 2572 320 4226 1788
758 716 4029 4594 2951 4069 1067 1662 837 3985 4585 3699 3960 1080 4196 575 3231 2727 1106 2518
712 3151 891 3302 2399 2203 3245 4160 4828 980 3466 239 157 2836 1129 1753 1325 1331 3178 4475
