813 3047 914 810 142 1337 413 1746 4025 831 4513 2978 3984 632 3745 2039 3129 2352 491 3808
4037 1697 3672 3042 960 952 1330 1889 1233 1832 3803 1832 3735 4358 3209 1350 1267 3982 445 98
4431 4037 2745 603 750 1465 4703 2890 3429 4544 3474 4225 4811 3223 4525 2062 1080 2275 1233 3790
1673 1164 1918 489 2120 4594 1258 3456 4022 1884 1834 3948 3927 820 996 2763 2916 278 2203 2777
4485 3083 535 402 143 4963 547 4746 1947 1040 2306 968 3297 94 1809 3218 4387 4150 228 1481
413 2203 1974 1298 4876 250 2379 4213 2931 1877 3749 469 2599 4154 3450 3018 1237 2848 1606 957
1889 53 3482 1880 4297 4372 2742 48 3640 3815 3583 3203 1300 3438 48 562 734 1727 4168 4878
1305 4291 3011 3942 1738 1847 314 462 503 543 1816 3825 2258 2156 1239 4401 3834 323 896 1974
831 1354 312 4502 4446 3012 190 992 4428 472 718 3556 2923 3482 2225 2364 1080 2235 1150 2067
4154 1347 1065 1061 357 4098 4582 1671 3669 3297 4033 4750 2254 4258 2459 2364 1019 1312 3672 4654
1835 3912 1712 1937 543 2617 4446 871 725 519 2739 3811 831 4361 3146 85 247 386 547 4458
2156 2953 251 3482 36 3653 2842 2805 3919 1438 812 1337 1852 489 1280 3983 1352 3836 4963 4556
831 3148 1323 3025 4638 380 4 2835 1882 3702 2277 308 4544 2507 4562 2265 4387 3552 2181 3082
4449 4043 4475 2152 1602 1110 975 2041 3073 2861 2907 1723 1131 2584 2301 1253 1645 166 1632 2156
1732 973 2119 3930 898 785 143 3360 4246 385 3436 4468 1080 2795 4935 145 1196 2835 492 4030
4252 873 1712 798 1447 2183 2021 2602 1337 2454 3436 1795 2989 4562 3316 3830 1770 439 1629 811
831 1345 4119 1880 1774 815 491 3735 2500 515 491 2759 1026 3022 2443 700 3236 3437 3089 1080
1289 2225 1938 2000 4904 1347 997 3279 2890 3199 2976 3003 20 4857 999 3797 4861 4853 2995 2662
4827 2164 696 2364 1706 1027 3565 4168 4254 1123 1040 760 656 1049 4107 413 4082 3082 3902 2396
2450 3868 3203 4636 1093 1061 2621 535 2275 4770 4375 3458 3151 4641 1269 3643 413 4087 1888 3707
831 1499 2711 1065 4180 359 209 3670 2203 2610 3542 4792 321 1080 1611 4404 3670 110 2436 3650
2323 2934 4776 2533 145 1649 1089 2854 2900 710 4022 1840 4418 2242 1347 714 1080 1887 4535 51
4069 4050 2978 1300 3218 4391 547 1816 2699 496 3712 1296 4043 413 72 1071 1080 815 1310 4043
831 3064 1442 1080 535 3139 3985 2372 1058 4654 2043 2301 2210 2802 3153 3218 2054 4800 964 716
1152 4165 3099 3954 1286 2792 2518 3678 2000 1232 345 3875 1153 467 4 2697 2000 4943 3222 3808
2380 1688 2602 2895 48 1051 1501 462 1438 4264 538 4698 4375 4200 3247 4694 2072 151 3424 1937
831 2364 1309 1080 2938 831 4666 599 1673 3439 1021 3349 1228 4726 3555 914 1707 4014 4027 1953
2380 828 2978 1358 2413 3377 2561 4170 2314 4985 3873 4620 3441 2276 3550 3297 1150 1011 4863 1019
3409 3985 2578 2363 278 2314 583 3199 122 4582 3572 1732 4879 445 2975 1301 3367 3064 3634 4351
4143 1095 2700 3015 91 1640 4868 3838 4082 670 3392 3024 3142 816 4940 2923 2067 789 2224 2651
2209 1637 277 4794 4263 2342 6 2671 3580 1155 1653 3474 2666 1004 1318 4255 3386 4381 3218 720
4829 1671 3644 3921 2418 4605 3277 1259 1664 116 80 2221 782 3982 689 721 1040 4407 4202 2555
1019 1777 1547 1158 4977 3497 1649 2694 1898 2654 60 80 1296 4562 4940 2835 3350 4098 3801 4658
3954 1778 880 1173 4654 842 4525 4864 2622 4753 4683 1622 3184 1016 4372 1446 640 4755 577 734
831 3510 3676 1885 3699 1957 700 4264 4439 1643 211 156 2131 1884 1684 1 354 235 1249 157
2499 1131 2599 2932 4050 4477 145 1679 211 3077 2372 599 4252 909 3946 2542 4544 7 2257 4403
4441 4950 4598 4876 1712 4226 4724 345 773 978 1540 2554 4051 1332 278 599 3546 548 4311 2483
1327 2203 4372 811 3014 1103 3538 2496 3086 4441 4440 2963 1884 43 1697 1228 4226 2143 4963 2778
308 1189 3230 2045 3735 2465 744 2265 314 1595 4808 293 4004 1232 280 1296 1277 3797 315 3568
1563 3963 3418 2981 120 3538 1001 3165 4876 1076 4408 4981 3506 2871 4339 4292 3442 539 3131 166
2786 262 1112 228 831 2121 4602 104 1643 3007 4593 2181 2042 768 4629 227 1059 1324 491 1440
4901 571 4004 4832 662 2842 4290 985 3702 3811 1228 812 1389 1104 1029 1376 4808 3983 556 3153
3883 3319 4106 1765 4970 4372 1916 1218 552 2721 3096 3731 174 734 1494 545 1658 1058 1809 4290
831 3230 3909 1386 4876 2183 3787 3773 4259 61 2671 4273 4827 4011 2501 1348 2355 3653 4278 3385
2453 3950 3505 3779 3154 740 4370 1112 3134 4582 396 2054 4953 470 4269 235 872 3541 200 4158
354 1522 4673 1347 2314 359 457 1246 4312 2940 4375 1673 4836 4080 4174 342 3441 1484 2923 3953
831 2364 1309 1136 381 2077 527 1347 3226 1857 1775 2056 4082 413 1332 1613 3157 1166 1855 163
535 3688 2331 413 779 4638 2853 4329 2140 3512 1273 4113 3014 3126 4475 445 4130 1220 2639 796
831 2904 1045 1080 4025 2162 2757 1438 320 3099 633 141 4707 4755 815 4353 1726 4631 2091 6
4716 199 1080 34 2418 1799 1734 601 1190 755 355 2098 4053 693 4527 565 1066 2203 354 3553
3456 964 1753 3025 1019 4099 2687 409 4260 3566 4027 3990 1898 1679 3721 3636 164 1411 142 2135
4122 2244 3655 4124 3245 48 3045 3702 4 143 689 3456 1027 1028 3057 570 3049 1605 1481 2549
3020 2122 4154 831 2073 2387 3398 1080 1857 665 396 4110 2417 3302 1298 3920 839 4226 2683 936
4004 4154 4098 1181 4726 342 3934 2671 816 812 1256 3102 1036 1354 4699 3558 3087 413 4409 521
270 4177 2418 2121 3061 3579 1889 2500 2034 2287 1080 4475 4679 4783 3984 2461 4218 4163 1616 3451
3001 4853 1104 711 163 625 1877 1622 2364 691 1300 239 4853 4272 1536 1267 1658 2135 1606 4364
831 1804 2082 424 3073 535 1646 417 1822 1673 504 2235 174 4546 3957 4209 771 413 2131 4259
2453 3302 79 396 3787 714 1128 1438 3582 34 3002 3245 2623 4050 947 2674 2963 4706 973 1080
3790 4564 2467 3735 70 3965 3151 964 3396 1192 2418 334 2970 1559 4963 2077 1607 4664 3476 2985
2156 3906 156 2671 265 491 2916 2830 1056 2626 4755 4415 2931 4098 3245 1896 3901 4437 3801 4263
831 1989 1953 2515 2602 1897 2446 1319 1112 4753 1881 3297 1028 2418 1503 3274 3254 4472 1075 1001
831 2665 3525 3151 312 864 778 4482 1080 1865 597 272 1016 51 642 2335 3297 224 535 4966
807 1232 3984 4862 3412 3010 304 2265 3980 4716 4375 1246 2460 304 2418 4333 2892 2502 4368 2069
3148 4826 4076 1648 4876 1347 3942 3218 2088 4180 4226 3448 3292 3950 164 185 543 3694 4305 72
