1136 4 489 334 2242 1296 503 3073 3801 1920 2587 3724 1124 1867 2418 2123 1682 1166 4746 1309
2919 4967 3185 4867 4063 1522 4548 973 1974 3222 4867 2671 2251 4138 4654 1719 3151 2424 1434 2651
1152 2665 3512 1503 1054 1534 413 3254 462 1237 4074 1937 3245 2123 1198 1671 4481 4733 3523 1869
1309 4671 4489 1402 905 4527 2923 4866 4481 3983 491 707 3325 4865 345 1344 2417 3549 4876 2127
4295 3220 4904 2418 909 4121 1987 1072 3297 583 1222 4476 1698 662 4568 3294 3279 824 520 2314
174 2610 1337 1304 164 3441 4213 3441 79 4148 4372 2160 2404 3036 4672 4163 3218 91 2671 83
1638 535 3712 2045 839 381 461 2964 2682 1065 2830 3105 1144 684 1243 4387 7 3004 2088 332
3930 4675 640 141 3783 1308 475 1094 2594 3957 656 575 4959 39 3619 2355 2900 2484 1535 4698
831 48 1772 2021 1103 3302 118 1867 1412 449 3842 2417 1070 1868 2462 3645 2572 4014 1080 4014
1136 3787 552 4545 4053 3811 3209 1331 2695 1908 1080 816 2348 3498 3741 79 700 4177 1809 4521
3912 2135 1438 1809 2141 2134 2253 4483 312 4375 4475 3428 1802 2776 1442 2210 2226 809 3880 2258
3277 4311 1215 4796 2054 1697 3735 4440 4755 4783 1577 734 498 3529 4380 3712 1259 4050 2300 111
4425 3558 3158 1253 4362 1308 3412 734 4371 3089 1086 1625 3223 4391 1807 413 1309 3209 3379 3989
3442 568 4414 2403 4213 783 795 460 2720 4943 289 4923 4828 3180 20 1682 1337 2267 1438 3122
2143 4545 3963 1807 2976 4423 4582 1495 1386 354 4441 25 1413 343 3413 4043 2014 3930 1046 902
831 233 228 2812 1746 2418 4535 4201 711 2663 1080 4556 356 4986 1016 2890 3379 2154 3694 954
831 4254 1228 3946 1879 4578 3126 1442 1487 3268 1112 4061 1889 2119 475 235 1267 2671 3572 535
3912 2203 1080 3462 4631 4234 2364 4099 3319 4927 4808 2062 4424 4119 3049 1786 1438 4014 1654 4936
354 3948 1325 4943 1031 198 3689 2890 3712 4965 3681 3644 4122 4029 153 226 2682 770 21 4698
540 3410 2868 4292 2252 1296 489 973 808 4063 4597 3109 4000 1019 2226 2082 2671 1869 16 156
41 4180 4226 959 1150 2909 4358 4882 2507 3930 1232 1097 1019 4481 90 4768 2352 1045 4756 3922
4638 90 537 2641 145 583 1581 3786 2137 4475 3154 1985 959 3153 1673 2509 3753 4099 3422 758
831 3634 707 1912 1679 1738 4290 4564 3297 141 3004 3222 3287 357 4196 1271 1846 3983 1717 3815
2325 2244 1386 2313 344 4232 3922 4232 1633 1931 627 973 1872 4820 4050 658 59 70 4535 4446
2450 4267 1807 2467 601 3302 4339 2121 2364 656 91 1799 2544 97 3975 3416 5 4568 376 535
3029 1740 1080 1080 1950 4431 3705 4682 2678 1780 202 4681 973 1732 4098 1080 1648 4435 1019 3410
831 499 150 1312 2203 4136 12 580 4447 3694 503 2292 269 4290 4735 4970 2021 2812 2332 3855
4408 2131 1991 3474 85 3290 4531 220 599 4164 1059 1458 4530 2895 2978 552 973 4552 4253 734
2844 2181 4672 3975 1080 3923 750 660 3354 2323 53 4195 1809 145 3806 2164 2222 1894 4536 2531
535 3297 3966 1631 1080 3639 3045 2274 3326 3397 4627 2116 2568 1622 4322 837 1983 1183 1080 1453
1067 1576 3693 4918 1793 4876 1286 413 1150 3448 3543 1786 3199 3572 4619 1809 570 3137 1080 3274
1049 3933 3922 4157 888 2978 2226 3669 1080 2759 2623 1613 4558 3047 4372 3275 1809 1208 3366 1393
535 2666 3529 718 1182 1309 445 120 4342 1442 831 425 70 1123 27 72 4307 4962 145 1575
4425 1880 2641 2678 4963 3604 758 4810 2402 2380 4999 3073 2746 1615 4807 2723 4450 1080 3879 4358
31 1912 3109 2986 4251 3681 2768 3222 4544 278 3859 1980 1835 1080 278 1136 3412 3953 2951 2877
831 4063 4592 2963 816 4264 270 1750 3287 4404 2418 1930 2203 398 143 4658 1019 2780 4347 2760
3077 981 1884 4609 1133 2075 1713 2671 3812 2698 2801 2396 3919 2717 4473 565 4620 13 4504 2460
209 3993 4902 1799 110 2682 2657 4031 3018 1038 1243 2126 1717 3670 3827 4002 696 4204 2292 4963
209 4080 2166 143 1302 4319 1584 4755 2199 871 4273 714 542 2681 1950 2636 2916 1809 3038 14
3001 945 156 3209 3731 2578 3665 2856 2759 973 145 897 162 1327 4050 1011 4560 909 1588 43
831 3330 3617 1438 4494 4050 4391 1867 2018 3712 2726 3367 1496 159 993 138 4251 3124 3694 1371
831 145 1807 2183 1919 4797 4198 4004 4885 2124 4850 4931 1937 3555 1522 2828 3529 3297 4896 2460
174 1252 3845 1309 2364 3839 4260 3024 4756 1215 860 2721 4012 4324 3469 1595 2335 1682 3128 2209
2380 864 470 1267 4904 3879 3913 1438 3218 3302 1332 2054 3275 4372 4437 1676 2916 3354 4825 2181
2029 145 2971 606 3064 4846 2250 2953 1001 4927 2430 1258 233 2667 360 4372 4694 2011 949 2071
1976 4828 2364 1309 3462 1296 4375 788 2000 2418 4854 688 3326 3132 4869 3099 151 413 2450 792
831 1289 570 2131 1091 4991 4183 3634 131 1128 1300 1145 249 2410 3693 3634 2355 1777 4329 2210
831 4625 294 4544 1042 1133 2337 767 1718 947 1310 4963 602 135 4323 3756 3051 3418 1080 980
4177 1174 2923 352 3795 4817 401 4985 2563 145 4468 413 3673 4475 2156 4099 3474 3297 3689 1312
4428 2246 1101 4074 271 4278 1308 4516 3817 831 1643 902 4173 2890 145 4558 2396 272 4912 926
1152 1937 1311 598 4264 4545 3031 4593 4828 29 3091 3151 2135 2220 1045 2746 878 1561 852 4923
1601 3777 4967 4502 2209 3946 2916 3158 3843 2578 3579 190 4619 2900 1498 1857 3745 3982 4977 2683
2671 1937 3512 2892 2355 4087 2203 3295 3843 3268 4692 1615 444 4582 3326 3144 2852 3398 4844 4592
831 839 1801 565 1123 4080 1981 3254 1660 2193 1237 3420 194 4428 3142 4037 1689 2915 4395 349
4617 2815 2277 611 4337 3385 509 1688 426 3675 4656 2589 2121 3028 1049 3297 4424 3619 1293 4854
1049 1845 4203 4735 120 4768 565 2314 3297 4247 4168 4591 3423 3936 3466 4160 2500 4264 1646 4
831 3144 4196 3558 3379 3075 3735 949 2562 4098 3001 3398 1133 3262 1541 2517 1897 1434 451 3963
3684 3073 689 1051 1049 3787 4116 3296 4203 661 1845 2265 2077 3634 482 4806 164 2351 3048 1894
4582 1713 320 973 502 3462 3946 3879 2166 3349 1809 1107 3153 4475 491 2036 2745 3423 59 1646
443 3011 2434 2520 1447 2759 2039 2751 2220 4290 3334 1146 3766 3610 2517 383 1658 3297 21 4844
4698 2217 3349 4656 4640 3787 1611 2034 404 2803 1147 4582 2674 415 68 396 4322 96 2396 468
3462 1809 3206 1277 4037 1434 643 3366 4082 4672 4603 2220 1019 1298 792 1957 3549 1173 2314 4682
831 270 2745 157 2590 4196 413 3930 1908 1042 504 952 831 831 599 565 2496 4483 1953 2119
3462 4269 2119 2355 4619 3449 120 1775 1174 1446 2542 4085 4615 3102 411 4887 876 4967 1581 1677
