1619 3914 2373 2830 2817 4990 800 1286 100 800 800 1286 100 800 1286 100 800 800 3700 800
1619 3914 2373 3014 2373 2830 2817 4990 800 1286 100 800 800 1286 100 800 1286 100 800 800
1619 3914 2373 3014 2373 2830 2817 2817 4990 800 2354 165 4946 1846 2373 165 4946 1846 2373 165
1619 3914 2373 3014 2373 2830 2817 4990 800 1286 100 800 1286 100 800 800 1286 100 800 1286
1619 3914 2373 3014 2373 2830 2817 4990 800 1286 100 800 800 1286 100 800 1286 100 800 1286
1619 3914 2373 3014 2373 2830 2817 4990 800 1286 100 800 808 1846 1155 3600 1619 2373 165 4946
1619 3914 2373 3014 2373 2830 2817 4990 800 1286 100 800 1286 100 800 4383 1286 1721 800 100
1619 3914 2373 3014 2373 2830 2817 4990 800 4383 800 800 800 1286 100 800 800 1286 100 800
1619 3914 2373 3014 2373 2830 2817 4990 800 1846 2373 165 4946 2259 1846 2373 100 1696 800 1286
1619 3914 2373 3014 2373 2830 2817 4990 800 1286 100 800 1286 100 800 1286 100 800 1286 100
1619 3914 2373 3014 2373 2830 2817 4990 800 800 100 800 1286 100 800 1286 100 800 1286 100
1619 3914 2373 3014 2373 2830 2817 4990 800 2569 800 800 1286 100 800 1286 100 800 100 800
1619 3914 2373 3014 2373 2830 2817 4990 800 1286 100 800 1286 100 800 2052 165 165 4946 1846
1619 3914 2373 3014 2373 2830 2817 4990 800 4383 800 1286 4024 800 800 1286 100 800 1286 100
1619 3914 2373 3014 2373 2830 2817 4990 800 4383 800 100 100 800 100 800 1286 100 800 1286
1619 3914 2373 3014 2373 2830 2817 4990 800 1972 800 2373 2830 2817 4946 113 1286 100 800 2169
1619 3914 2373 3014 2373 2830 2817 4990 800 1286 100 800 463 1286 100 800 1286 100 800 1286
1619 3914 2373 3014 2373 2830 2817 4990 800 1286 100 800 800 1286 100 800 1286 100 800 2373
1619 3914 2373 3014 2373 2830 2817 4990 800 800 1286 100 800 100 800 1286 100 800 1286 100
1619 3914 2373 3014 2373 2830 2817 4990 800 1286 100 800 800 1286 100 800 1286 100 800 1286
1619 3914 2373 3014 2373 2830 2817 4990 800 1286 100 800 1286 100 800 1286 100 800 100 800
1619 3914 2373 3014 2373 2830 2817 4990 800 4383 800 800 100 100 800 3815 1286 100 800 1286
1619 3914 2373 3014 2373 2830 2817 4990 800 800 1286 100 800 1286 100 800 800 1286 100 800
1619 3914 2373 3014 2373 2830 2817 4990 800 800 1286 100 800 2830 800 1286 100 800 1286 100
1619 3914 2373 3014 2373 2830 2817 4990 800 1286 100 100 800 800 1286 100 800 1286 100 800
1619 3914 2373 3014 2373 2830 100 2817 4990 800 2373 2830 2817 4990 800 4967 4962 626 626 626
1619 3914 2373 3014 2373 2830 2817 4990 800 1286 100 800 4383 626 626 626 626 626 626 626
1619 3914 2373 3014 2373 2830 2817 4990 800 4383 1846 1029 1696 800 1286 100 800 1286 100 800
1619 3914 2373 3014 2373 2830 2817 4990 800 1286 100 100 800 1286 100 800 1286 100 800 1286
1619 3914 2373 1388 800 1286 100 800 800 1286 100 800 1286 100 800 800 1286 100 800 4087
1619 3914 2373 3014 2373 2830 2817 4990 800 1286 100 800 1286 100 800 1286 100 800 1286 100
1619 3914 2373 3014 2373 2830 2817 4990 800 800 1286 100 800 1286 100 800 1286 100 800 800
1619 3914 2373 3014 2373 2830 2817 4990 800 1286 100 800 800 1286 100 800 1286 100 800 1286
1619 3914 2373 3014 2373 2830 2817 4990 800 1286 100 800 800 1286 100 800 1286 100 800 100
1619 3914 2373 3014 2373 2830 2817 4990 800 100 800 800 1286 100 800 1286 100 800 1286 100
1619 3914 2373 3014 2373 2830 2817 4990 800 1286 100 800 1286 100 800 1286 100 800 800 1286
1619 3914 2373 3014 2373 2830 2817 4990 800 1286 100 800 1286 100 800 800 1286 100 800 1286
1619 3914 2373 3014 2373 2830 2817 4990 800 4771 800 100 800 100 800 1286 100 800 1286 100
1619 3914 2373 3014 2373 2830 2817 4990 800 2354 165 1696 800 1286 100 800 1286 100 800 1286
1619 3914 2373 3014 2373 2830 2817 4990 800 1286 100 800 800 1286 100 800 1286 100 800 1286
1619 3914 2373 1388 2558 800 100 800 800 800 100 800 1286 100 800 1286 100 800 1286 100
1619 3914 2373 3014 2373 2830 2817 4990 800 3703 800 800 100 800 800 1286 100 800 1286 100
1619 3914 2373 3014 2373 2830 2817 4990 800 1286 100 800 1286 100 800 1286 100 800 1286 100
1619 3914 2373 2830 2817 4990 800 1286 100 800 800 1286 100 800 1286 100 800 1286 100 800
1619 3914 2373 3014 2373 2830 2817 4990 1286 100 800 1286 100 800 3505 100 1696 4383 800 1286
1619 3914 2373 3014 2373 2830 2817 4990 800 1115 100 2817 4990 800 1286 100 800 1286 100 800
1619 3914 2373 3014 2373 2830 2817 4990 800 1286 100 800 800 1286 100 800 2974 800 1286 100
1619 3914 2373 3014 2373 2830 2817 4990 800 3918 800 800 1286 100 800 1286 100 800 1286 100
1619 3914 2373 3014 2373 2830 2817 4990 800 1286 800 1286 100 800 1286 100 800 1286 100 800
1619 3914 2373 3014 2373 2830 2817 4990 800 3682 165 4946 1846 2373 165 4946 1846 2373 165 4946
1619 3914 2373 3014 2373 2830 2817 4990 800 1286 100 800 1286 100 800 800 800 1286 100 800
1619 3914 2373 3014 2373 2830 2817 4990 800 3675 1286 100 800 1286 100 800 1286 100 800 800
1619 3914 2373 3014 2373 2830 2817 4990 800 3253 626 626 626 626 626 626 626 626 626 626
1619 3914 2373 3014 2373 2830 2817 4990 800 463 1286 4990 800 1286 100 800 1286 100 800 1286
1619 3914 2373 3014 2373 2830 2817 4990 800 800 100 800 800 1286 100 800 1286 100 800 1286
1619 3914 2373 3014 2373 2830 2817 4990 800 1286 100 800 1286 100 800 1286 100 800 1286 100
1619 3914 2373 3014 2373 2830 2817 4990 800 1286 100 800 800 1286 100 800 4244 626 626 626
1619 3914 2373 3014 2373 2830 2817 4990 800 4906 1286 100 800 1286 100 800 800 1286 100 800
1619 3914 2373 3014 2373 2830 2817 4990 800 800 100 800 1286 100 800 1286 100 800 1286 800
1619 3914 2373 2830 2817 4990 800 3682 165 4946 1846 2373 165 4946 1846 2373 165 4946 1846 2373
1619 3914 2373 3014 2373 2830 2817 4990 800 1286 100 800 1286 100 800 4383 800 800 100 800
1619 3914 2373 3014 2373 2830 2817 4990 800 1892 800 800 1286 100 800 800 1286 100 800 1286
1619 3914 2373 3014 2373 2830 2817 4990 800 1286 100 800 800 1286 100 800 1286 100 800 1286
1619 3914 2373 3014 2373 2830 2817 4990 800 1464 800 800 1286 100 800 1286 100 800 800 1286
