2380 1080 4594 792 4343 4541 143 2916 2784 1413 2091 352 1589 1269 1769 2446 491 1724 4672 1080
209 2418 3218 2203 3274 689 3024 4224 856 3805 1001 1115 1795 4634 4867 321 413 973 2502 1666
831 3909 3458 1080 395 4652 2164 2174 3753 1724 3052 1246 3860 3975 1080 3574 2111 2419 2126 1767
831 831 1951 4468 3836 3153 3089 141 2277 491 2596 4232 1789 4014 1080 2418 3669 4706 1730 1019
831 779 145 51 4640 4734 2909 171 1070 1284 3284 2996 535 1916 4603 157 985 2073 3036 1937
831 1408 349 1943 2375 2156 831 1309 2739 2218 2935 3984 708 156 2181 696 4134 722 1340 3811
4582 4127 991 2380 3871 2990 960 2396 807 4973 1937 4404 4318 1296 543 535 1760 1136 2839 4496
831 4549 3634 2929 2364 1706 2305 157 3990 772 4428 3505 2364 4183 3139 915 2772 1869 4967 1807
831 4562 1080 4746 4168 700 4654 2623 1901 1559 2292 3933 4475 1016 4867 3922 1319 423 413 2695
831 2434 538 4734 2971 4269 293 3600 4507 2792 2867 3196 4680 4816 1010 350 2303 4679 4921 4424
831 166 563 1908 711 2659 1119 2432 3296 3002 2056 3073 1717 2364 3231 4252 1301 1804 3836 2953
831 4254 3024 4783 3712 3933 1460 399 2885 4033 2996 12 491 2828 4404 2500 3105 3984 831 501
4425 2727 1337 3721 3412 4557 3531 2664 535 3277 102 2827 4783 2909 2978 1215 2783 4397 1980 1436
831 2450 831 381 2115 993 4550 2102 2402 2402 702 1215 3983 2396 4050 675 108 1460 3600 2723
831 2469 3277 187 1625 4639 2244 745 1080 3002 856 4063 4828 1795 589 413 139 3763 120 69
831 2599 4505 2482 4251 2971 1054 4726 3243 4560 2427 714 2088 2064 4525 4359 1295 4639 3297 627
4983 1799 1652 2654 3688 2131 1983 72 3946 3297 2105 299 519 1347 43 1712 3386 2147 2414 4646
2530 2700 3574 4557 2745 889 414 815 4482 4932 2224 891 736 3982 4977 376 357 2716 3930 1178
831 4382 141 3065 79 3219 1126 2857 2594 4338 3442 4931 491 4074 2890 3805 384 4232 3017 413
831 498 831 4254 1258 4258 583 555 4814 2538 1581 4071 2418 2131 2883 1751 31 792 758 4141
4360 2428 2889 3334 478 4435 3641 2368 2724 3712 2697 3566 70 2875 120 120 4 2842 4226 2467
831 2408 4255 4516 4986 1472 4324 1324 3653 4558 3 938 4032 4232 4174 798 2763 1442 3152 4450
831 1155 2584 4353 4986 4629 2742 183 2121 2861 890 3330 2751 4782 1534 880 451 4886 4966 3792
831 3366 90 3919 4014 3367 3651 806 4876 2578 1427 2477 176 4351 959 1283 4250 3202 4063 1983
831 4254 138 4099 314 633 3511 2975 3025 753 2293 491 3930 1816 2399 3185 2260 1616 2384 4790
3199 3815 3673 2839 1080 3537 3297 2553 1136 1863 3204 4847 1229 76 1749 1442 535 4681 2848 4850
831 4950 1713 3670 575 1713 1354 2900 1774 4666 4226 1447 3930 52 4549 2004 235 413 2415 1080
831 3634 2517 3441 278 3482 4957 4358 4269 174 787 1136 537 1918 3844 3975 3669 4201 4032 3297
831 740 3089 43 2364 1377 1296 2370 470 1809 413 1347 4501 2071 3930 4004 3992 1918 2352 53
831 1295 2131 2181 609 1080 1312 1442 1381 3281 831 2252 2436 4397 681 2697 1371 3297 1360 2109
831 3029 321 949 4320 1358 254 4519 2589 4826 3297 79 1889 3774 3629 1387 1286 138 2174 1309
2107 973 1051 4263 1054 41 1585 1348 48 2794 2765 1080 1019 4327 2835 3960 2203 2447 959 1880
3354 831 2830 4783 1051 2641 1296 491 4533 4496 1102 3297 2507 345 1091 120 3787 2357 2364 1888
831 535 4092 4883 839 1417 4835 2756 1080 1985 4290 3034 2226 639 1159 3418 3013 3171 4329 2675
2434 538 3209 3785 3930 960 4876 3990 398 4391 1232 3308 4780 4273 1296 771 3373 3396 2855 4356
4177 4028 4940 3319 4783 1347 1908 3820 2492 1446 4726 2562 4375 1049 4475 742 4569 4639 3434 1243
3222 4311 831 2820 1485 2155 4154 4750 4154 3112 145 714 2364 445 445 4265 749 3975 2623 2784
3132 3842 3476 535 1887 2402 2480 545 4177 4028 4016 1877 3699 3930 3762 4548 1712 2173 2907 1503
831 809 194 3837 4004 915 4098 3859 38 3333 2759 3142 768 275 858 1835 2265 1129 2364 2375
3942 4004 3082 3462 1296 1118 79 3695 3252 2763 355 1256 2802 2418 1625 4444 76 2500 1967 3635
831 2539 2156 3721 1485 773 4401 4206 1712 51 2979 742 3860 2422 1713 517 4507 2979 396 4375
831 3574 1080 4960 1247 794 831 91 2228 4585 1539 2866 2125 1838 4372 3545 120 278 3930 349
1495 4827 3694 187 4738 4095 1983 535 1762 2644 1354 4940 4636 3579 1573 3487 1274 3209 1080 4264
4812 556 4308 3670 1726 3028 675 1563 1901 4698 2286 3542 545 831 2430 1080 3072 2655 632 3282
2759 1559 4876 3734 1479 2979 2908 661 4965 4541 138 3634 2853 4929 535 914 1749 2410 1807 1358
2477 4264 1781 4952 92 1611 2137 2244 4147 413 1071 4475 1749 3990 535 831 3318 1617 1541 2677
2874 1809 790 831 2710 357 3156 3712 327 3983 413 2193 543 4246 2054 1576 1677 1645 1833 4170
1626 345 3635 2963 4825 2929 156 4339 4435 1680 3670 2459 3634 3017 950 2726 3433 3247 1673 3470
2867 831 2831 3367 1075 2892 4943 2355 2494 2736 3634 3934 4050 491 4201 4475 2933 2794 839 3459
831 4304 1394 1300 70 2265 4927 3342 3141 4966 3442 2086 413 768 1155 4155 4658 2314 278 4576
831 2539 4063 3709 879 1080 2054 2105 2333 844 4935 4058 3695 2938 3680 1558 1726 4854 3204 3540
831 831 4254 4475 4217 2418 3753 1308 3089 2626 3322 1198 2837 4394 1109 272 2558 4871 1999 143
831 1732 1233 1220 1031 2279 325 2270 3171 2156 143 970 3542 1676 4216 3163 4862 1267 3512 2941
1309 3634 1846 2000 156 4666 1080 4545 684 545 3949 1681 1944 4307 1041 1347 996 2965 4225 4070
3384 2977 4507 3695 4437 3787 3115 4246 239 2933 70 2672 2001 2664 1080 1190 4588 3757 2460 4397
831 599 4375 2922 4699 1274 2086 992 758 758 2488 396 2200 4532 1080 381 1301 1877 4895 2908
2902 4475 3587 1427 1150 691 1123 3158 2812 4963 3695 3235 143 2038 2625 1347 3382 4258 816 2586
831 599 4074 2561 4638 3528 4183 3948 3412 1102 375 3534 1771 2671 1969 1324 336 1022 3441 1919
831 4948 2603 1146 1827 1016 3119 1531 522 4782 273 3297 4472 707 4664 3240 1090 1574 1870 3091
3506 1703 824 2244 2418 3572 2273 2364 4943 1136 831 2599 4176 2671 3861 756 53 3984 4808 3640
831 1296 3191 2763 1668 1080 2700 3297 4975 3151 831 2185 2665 2375 3555 4086 4867 356 2671 2372
1597 4037 3936 570 1557 1665 4475 3387 1217 2211 627 2467 3787 1438 3031 4760 3444 2868 535 2578
120 3790 3688 4226 4292 1347 2936 202 2488 3252 3635 3566 145 159 2387 3522 2054 1903 831 1031
3721 1559 4050 491 2203 3640 679 2375 141 714 4268 4063 317 2760 4119 2812 1038 213 3049 4582
