831 831 4254 3695 535 831 831 831 831 831 1658 468 970 317 4033 3712 2039 1347 4487 157
831 4063 3634 1855 3502 418 1080 1080 1080 1080 1080 1080 1080 1080 1080 1080 1080 1080 1080 1080
831 831 831 831 831 48 831 4122 831 923 3635 1309 4143 3196 1572 3854 743 4755 2863 1019
831 4513 1232 2844 3405 4750 2968 3583 2900 1080 1080 1080 1080 1080 1080 1080 1080 1080 1080 1080
831 4254 2418 3597 4321 70 1341 1889 345 413 831 831 831 831 1892 1157 1347 1353 535 4128
831 831 831 4254 3733 1144 2830 3978 1232 184 4945 1125 126 3581 1669 3568 4628 2914 491 3930
831 831 1093 4387 3558 431 260 1295 535 4876 504 3930 1080 1080 1080 1080 1080 1080 1080 1080
831 831 831 831 757 1080 1080 1080 1080 1080 1080 1080 1080 1080 1080 1080 1080 1080 2418 1732
831 4644 1442 4658 733 3274 1564 91 1048 3025 1165 1367 1080 4343 2551 3429 4264 960 413 3546
831 3712 4816 2578 1243 4658 740 3675 3251 4082 580 950 3218 3930 2923 555 4545 2418 1429 4541
831 831 4225 2844 2910 1296 4182 2499 3102 2881 1309 1330 3003 1347 1050 1080 3327 1066 4093 4158
831 831 831 599 1596 413 3297 1673 1419 3787 819 2244 831 831 4187 1430 305 612 445 4
831 3634 4310 3703 1080 1080 1080 1080 1080 1080 1080 1080 1080 1080 1080 1080 1080 1080 1080 1080
831 831 1467 70 1827 831 831 2355 413 1337 2674 1676 4311 3694 2346 2251 1267 2301 2244 2131
831 2185 4889 1080 1080 1080 1080 1080 1080 118 1080 1080 1080 1080 1080 1080 1080 1080 1080 1080
831 831 831 314 535 1584 2054 1190 1080 1080 1080 1080 1080 1080 1080 1080 1080 1080 1080 1080
831 831 831 4254 2119 1809 4493 2697 247 499 1080 3498 2054 4554 826 2014 3274 3398 831 66
831 831 831 2185 1727 1803 48 3930 4717 3254 2424 4489 3644 757 4472 4116 3140 3930 476 2661
831 831 4422 1020 543 535 4988 3439 2244 2549 1260 4004 3946 1453 1249 2871 3745 3431 2699 2364
831 2185 1080 1080 1080 1080 1080 1080 1080 1080 1080 1080 1080 1080 1080 1080 1080 1080 1080 1080
831 831 831 385 2460 2578 3798 983 1355 3592 4074 4204 1321 831 831 831 831 831 3574 1080
831 831 4098 2760 831 831 2845 4196 503 3214 1347 2418 1732 1438 1541 3297 2244 3017 494 1049
831 831 2166 4475 1352 3670 2536 4853 831 831 831 831 831 3132 4783 3846 831 2455 2460 3681
831 2185 2339 157 1434 4199 4429 3689 2601 2320 831 3218 3930 4372 2203 831 2164 1260 2380 3695
831 831 4254 4372 3930 1224 831 599 3105 3297 3275 4694 1775 1937 2645 4268 3160 3587 744 489
831 3488 762 1080 2418 1080 1080 1080 1080 1080 1080 1080 1080 1080 1080 1080 1080 1080 1080 1569
831 2539 2082 3297 1799 2560 1474 413 3721 4391 157 491 3950 1459 1080 1080 1080 1080 1080 1080
831 4254 209 1645 2418 1795 2364 3640 1590 2418 1732 1295 2917 1680 831 831 1309 2460 1080 1080
831 4063 2529 1250 135 491 3209 2387 1080 1080 1080 1080 1080 1080 1080 1080 1080 1080 1080 1080
831 445 3908 2211 413 1358 1319 3438 1983 831 4098 2613 2418 1732 1131 4436 4375 3086 4475 2844
831 2929 1816 2924 1080 350 4375 1775 3930 2460 4239 2418 831 831 4195 609 1080 1080 1080 1080
831 2185 345 3297 732 3989 734 413 3297 1019 4639 4016 3930 921 1915 1067 4372 831 831 2668
831 831 831 831 3905 3954 3584 3272 624 3302 2265 3636 4037 1787 3180 1080 1080 1080 1080 1080
831 831 4063 831 831 831 831 66 2418 1732 2875 831 1732 1080 4706 831 831 831 996 3670
831 831 425 1791 2460 1080 1080 1080 1080 1080 1080 1080 1080 1080 1080 1080 1080 1080 1080 1080
831 831 831 3485 1992 1080 3192 3930 3542 1024 2418 1080 1080 1080 1080 1080 1835 3930 1080 1080
831 3644 831 831 4816 3783 1080 1080 1080 1080 1080 1080 1080 1080 1080 1080 1080 1080 1080 1080
831 831 1104 2430 3004 413 3297 4525 1777 2555 4168 1809 1676 164 4552 2399 40 4804 2455 1447
831 4526 4592 4783 2958 660 1309 2051 1834 831 3811 885 3930 4915 4264 688 4644 2418 1732 3695
831 831 4252 1432 2124 4404 1746 413 4111 1080 1080 1080 1080 1080 1080 1080 1080 1080 1080 1080
831 831 831 831 4254 1153 4484 4810 1878 4875 4530 1026 4264 555 3787 1295 2979 1295 2418 1732
1402 831 831 4735 4080 3653 1080 1080 1080 1080 1080 1080 1080 1080 1080 1080 1080 1080 1080 1080
831 599 2671 4588 1036 4050 4012 1807 516 4264 4709 2921 1073 3542 4372 535 3297 2874 2418 1732
831 831 2048 2666 1613 1080 3059 4624 1088 4201 2054 2014 1959 2009 2169 388 80 1115 1680 3297
831 831 831 831 599 4301 3872 4449 4883 2067 2364 3850 1732 3871 2041 1080 1080 1080 1080 1080
831 831 4236 4278 720 3079 1080 1080 1080 1080 1080 1080 1080 1080 1080 1080 1080 1080 1080 1080
831 599 831 831 3444 4640 3787 3118 1546 3673 3277 3416 2062 2904 4681 3218 3930 3105 535 1019
831 831 4336 1080 1080 1080 1080 1080 1080 1080 1080 1080 1080 1080 1080 1080 1080 1080 1080 1080
831 599 3512 535 3297 2543 2765 350 2364 2514 1450 4507 1304 4458 1750 1080 1080 1080 1080 1080
831 1059 3930 2345 2364 2418 1888 1879 1228 2665 1347 3231 413 4477 2418 1732 1080 1080 1080 1080
831 831 831 831 831 151 3633 70 3695 1870 1080 1080 1080 1080 1080 1080 1080 1080 1080 1080
831 4929 3930 1958 397 4714 4963 4956 2625 1432 1080 377 48 535 3297 2759 3587 4267 491 413
831 831 385 4667 831 831 599 4157 610 1640 4720 3052 1309 413 1434 4783 3502 1880 4666 3505
831 4254 3512 4069 413 3507 4703 3297 3133 4808 2536 4615 2203 1654 2332 4068 2000 1080 1080 1080
831 1980 4269 4414 3231 4507 1368 4672 118 413 3297 914 642 2162 4329 3746 1080 1080 1080 1080
831 831 1136 2978 831 831 831 831 831 831 831 831 831 831 831 831 831 4812 3099 831
831 4507 1080 1080 1080 1080 1080 1080 1080 1080 1080 1080 1080 1080 1080 1080 1080 1080 1080 1080
831 599 1663 3930 2492 1411 1049 831 2644 1269 831 4264 4464 4397 543 535 4828 1080 1080 1080
831 2845 828 1800 1243 491 4542 1695 4151 2418 3984 1732 1080 2661 689 380 4624 2713 762 3930
831 831 4255 2256 4796 2244 824 4384 985 1308 3331 413 3431 4988 780 3815 4160 3297 3334 1308
831 831 831 831 2741 2002 2934 4257 4387 2460 2156 1080 96 1080 3469 2244 4098 807 716 3930
831 831 831 2185 2766 70 3930 2956 4533 1019 1360 2364 1026 115 3439 2352 4759 3578 967 413
831 3501 1080 3801 2934 1561 1997 413 3716 3053 1080 3017 338 4401 2834 948 3680 713 3583 4828
831 831 1344 1080 1080 1080 1080 1080 1080 1080 1080 1080 1080 1080 1080 1080 1080 1080 1080 1080
