4011 2538 4798 1892 1895 3839 3150 4742 1037 2096 3626 1700 856 3082 3462 2974 4231 2755 1628 100
4022 1330 2338 2348 2744 3115 1781 4795 88 4536 3780 3402 2368 2295 4301 4548 2220 113 2701 2502
4569 1429 3413 4546 3710 3727 1205 2061 1155 3535 848 2212 1757 3667 4751 732 4707 117 110 4430
4968 774 933 2527 519 2492 1878 3774 3150 4383 4468 4605 1160 2678 2579 4324 2592 1872 4755 860
4569 1119 4457 2038 3789 1921 3951 1926 764 848 470 113 1477 1108 1185 3187 965 2354 4263 4448
1283 4019 2850 4965 975 3168 385 3285 3737 1568 2587 2724 261 1872 1421 2010 3202 2830 892 2142
3710 1703 1265 4797 4893 3971 45 341 3863 2579 4972 100 2257 4123 805 3530 2353 263 3654 4626
2190 3261 626 2318 626 626 3612 626 626 626 4013 340 39 482 2193 3676 3789 3528 113 4031
2387 3272 4751 854 545 1993 4216 92 1870 1075 3655 975 1659 3364 2989 1490 463 1879 1453 100
870 566 4824 504 1846 1896 1173 1061 4455 2875 292 4795 503 438 3980 4372 4096 2644 2373 3258
2916 1628 4961 2571 2957 2401 4965 3376 4283 4687 1148 1726 4462 4795 298 3944 755 178 2012 110
2363 1565 870 335 4412 1541 1794 2825 2917 831 4879 4108 3607 3186 3965 3339 1673 3774 100 488
863 3348 4097 498 4142 3988 503 4108 2356 1173 498 4787 4528 210 2312 3245 1863 4990 4641 2105
3104 934 2902 4283 4407 3795 3984 3256 1890 2247 926 390 784 1637 4968 4772 2542 2872 1349 1469
463 4339 2183 1030 4257 160 4726 344 2424 3948 746 1129 897 2443 750 2183 3667 1541 1485 2386
743 3944 1739 1760 1496 1470 3051 1470 4097 634 4664 908 1567 1823 2844 1178 4494 3127 805 4231
1595 3186 3466 2145 2135 982 3535 3918 3466 2395 201 1696 1921 3098 3118 1913 1207 4460 1433 1455
3971 4073 1147 3798 4779 3650 2399 4520 1604 2974 2745 430 1193 3071 4626 2712 4392 911 1925 2620
2368 884 1892 4026 3417 117 644 388 1726 165 751 2300 4559 1624 3945 459 3211 1755 225 2001
473 1061 1628 535 894 1088 3040 3046 4573 1431 3736 4966 2679 2587 3383 100 1541 446 2830 4033
1921 4653 2711 1812 1310 261 2830 3980 3174 86 1364 4426 4347 2482 2922 156 4709 1169 2911 886
3710 936 1732 344 2533 3984 4795 2538 204 2697 3261 2842 2520 936 1768 3001 545 593 4252 3348
3250 4040 1804 3535 1779 4946 2292 2373 3608 3165 4726 698 4706 2538 144 3018 3150 3936 1215 1014
3220 4295 1882 2338 900 32 282 883 4299 3232 3769 3899 751 2131 545 3898 2254 4003 3674 2352
3188 1696 4781 1322 1932 585 1608 2001 306 6 1452 3768 1106 3694 1567 800 1746 2836 4607 3547
3242 4311 1008 3350 2507 4372 3071 2533 3644 4339 1471 1331 430 800 4182 3681 3550 3521 3102 4652
2399 1692 3863 3726 4244 4964 1489 1855 2623 2733 1503 1433 2356 3108 1005 4991 304 2995 3859 708
3358 4821 4999 1972 2281 4426 1726 643 1863 3110 1761 4255 2027 1872 541 2565 3760 17 480 3139
423 1895 2817 1364 2096 459 1398 4146 2158 2974 2745 2632 4628 3655 2228 1567 3532 2378 2456 247
4964 2054 1883 4246 100 2774 4957 753 1921 2817 1155 799 3221 4666 522 2612 411 2569 2657 1954
1364 1829 626 3812 1207 799 1012 4954 958 1119 1562 3858 1027 3892 3115 3374 1207 1249 4597 26
3348 2285 3047 86 2657 800 746 799 1328 2872 3053 366 541 4795 3211 212 3681 747 3433 2113
4937 2105 2594 4797 498 2818 87 3261 2373 4486 1919 1322 4404 2075 2970 1225 3088 4209 1710 751
870 3945 2929 3109 4891 39 4931 3650 4436 4245 1471 3002 756 4880 1116 1195 103 540 3586 753
3957 3346 1846 2283 4245 4232 1155 3937 4120 263 1883 4139 421 1696 3872 4372 4019 1036 4498 4012
2097 4900 1691 1962 4708 3248 1457 3240 2368 966 1797 3489 1567 4039 3700 2406 4184 2569 4146 376
1264 2043 4412 3898 2597 2088 1864 4165 1048 3951 1536 2468 4840 443 2395 861 2775 3752 3756 4318
263 955 4317 2611 535 459 955 4760 3468 1453 3979 1849 2075 465 4243 2533 740 3710 2854 3667
4042 4843 1700 746 283 3920 2841 403 1361 980 3445 4205 491 4231 3594 861 2428 466 1039 614
2308 100 3555 741 2347 2436 2177 2533 1087 4768 1696 2679 4222 2702 2092 1230 3025 165 4830 2336
659 4524 3272 3205 942 3156 2895 4194 2701 1617 747 2368 1746 1252 1127 4033 4938 1417 1470 2199
3113 4694 3200 3880 26 82 3337 1348 2704 4991 2628 614 1739 3172 113 3058 113 366 3724 82
2152 41 2605 169 3722 1872 419 3110 463 955 2987 1173 3685 892 1455 2438 2471 350 735 3984
2532 2694 4597 2234 1387 698 1331 394 878 1855 1155 1471 3071 717 3644 63 1913 2373 4995 2923
1746 4231 2130 4459 3042 1883 1455 2602 756 100 4968 4295 1707 2350 4626 3729 4861 497 4108 2273
3936 1784 4898 1054 261 1362 100 26 331 2786 2637 577 2733 1890 4435 4669 822 3687 3404 1829
1760 75 3593 2020 4222 2768 679 1669 3807 4245 2119 2029 1255 1829 2481 4395 3521 379 4383 1722
3253 1148 962 4795 1413 3403 2606 4753 4631 1000 4919 2308 2758 4653 3417 4205 165 374 4632 4429
3090 647 4178 204 3099 2655 2358 440 151 3071 3048 756 3488 4934 2192 1628 4186 1097 1005 1289
2871 1320 686 647 2178 2817 1548 4827 1630 3738 3608 1746 3048 3350 1739 3115 1274 4505 3285 3286
1619 4760 3971 4485 1117 191 4064 4096 2675 1787 1872 4515 2075 3792 2456 2004 1279 2609 1447 250
341 3097 3364 4301 4216 4033 560 4460 2887 637 1972 4837 741 2150 463 4428 4626 4648 4861 976
4542 2373 4209 823 4031 2373 2161 4925 28 2243 3735 1289 1920 4996 2353 4795 747 3007 1387 915
870 2354 3188 3156 4146 488 2920 2436 804 4768 2897 982 4830 1849 1074 4059 82 2384 746 593
511 4389 1840 3242 2598 4734 1289 2628 735 2878 4990 1820 2318 4209 4379 1096 3231 4209 4691 3739
4871 2436 4597 2022 327 1819 225 1846 2533 2679 2645 3150 4780 459 2824 1829 2859 1155 1036 4372
1921 1172 1859 3150 3256 2885 2765 4636 4632 4697 944 605 947 4428 4670 1951 4592 481 1371 1696
2612 1555 3799 1089 4426 4468 88 3642 4712 2876 805 2380 102 2571 2128 2642 4269 2943 20 800
1422 4276 3500 3624 498 3718 4081 1075 2885 3256 2191 1469 2228 2824 41 748 186 2395 1491 4632
17 1892 2885 3068 4035 3680 4575 1331 92 2049 4145 4862 4216 1480 3053 1371 344 3480 1114 2049
2038 102 2293 1830 1322 4610 3468 1231 3626 1548 4765 800 4000 4096 4968 2373 4241 2324 4486 4059
3466 1361 1051 3065 479 660 153 191 4074 2322 780 1173 3789 3766 113 1889 389 1060 4108 3217
2955 4040 1297 2807 92 324 4597 388 2811 609 1894 2373 140 821 3284 1205 4194 2922 4452 4577
3816 3100 3222 3561 2817 4353 3007 4019 3742 800 3941 1866 3756 2915 142 1099 4183 2928 4727 267
