3188 2269 4632 4162 1447 2595 1215 2239 3997 366 3348 2061 2872 4862 1746 831 3265 4850 2612 2995
4569 82 4552 4795 3998 3588 749 2795 3626 4751 1207 3667 140 821 2452 982 3533 3929 526 3890
3209 1621 2527 2423 1193 3297 4332 2096 2665 2939 3242 2841 3808 2765 1726 3863 4586 988 4626 382
2888 317 958 4398 440 4626 2958 701 4245 2105 4091 3027 2178 62 449 1018 1872 3110 3504 2765
3188 2817 1107 3972 1428 1232 4913 4632 3951 4502 3681 2307 3492 934 92 541 706 741 1148 2712
2372 4426 1016 4123 1696 1271 4952 3081 4947 1832 1371 1879 2236 4216 4168 4097 3115 1993 2149 821
2911 4245 4797 955 2474 2499 800 2712 1042 263 959 1014 4669 2758 2212 1746 2763 756 4861 2598
29 1900 1421 3655 4318 2678 2373 4891 3680 282 3984 877 2805 4549 4153 378 3894 3899 3088 2347
3466 1251 2697 611 792 4028 3626 113 4626 4398 3700 224 3489 2373 59 2301 1716 4222 3951 15
1595 954 928 2527 1117 1733 4787 4657 360 3116 4216 4811 332 531 4780 1037 4428 3029 690 2312
3350 1696 3626 1461 2982 4185 1691 15 3029 690 1286 842 2352 2891 2872 4708 4520 2312 2487 4245
1595 2765 1895 1891 2146 3448 3617 4669 4422 1687 3936 1845 2817 1063 4551 2781 1499 1412 4520 169
110 4964 3707 1921 4105 3621 1147 3063 204 4267 3360 3085 4702 2460 1447 3888 2702 1855 1855 1155
113 2835 4968 3681 4030 1632 2178 4520 4626 4531 2029 3679 3366 1177 3936 1331 1470 1972 4114 741
2911 4636 2095 4733 2075 4999 1499 4320 1034 4019 3005 2356 3675 1819 2659 1453 746 4783 2645 2620
1953 3681 4359 2178 3222 4008 2034 3951 1630 3555 4648 2911 620 2373 3071 821 4253 3088 3378 4822
3871 1696 2571 3713 4181 1499 465 1422 545 4266 545 1997 3029 4740 58 3465 1797 821 1320 114
2978 1254 353 165 530 545 2034 4838 2657 4019 3994 3190 1286 3143 3762 4372 1392 1874 3486 1872
870 2457 3140 4542 4828 2538 494 177 3047 800 389 619 2078 39 1755 3216 15 2620 4142 2952
3899 1003 2705 1728 4561 2860 934 1790 4798 934 1280 4255 4962 4923 1092 210 3075 1286 4952 4493
4569 340 4429 1147 430 2527 3526 2500 1892 1215 4378 2514 374 2999 800 2780 958 1826 378 2545
4862 397 3831 2378 125 4245 2697 4692 2368 1893 1555 3433 3500 2974 2862 4122 2675 3984 2815 3313
1014 1232 2436 3332 2301 2301 564 626 1829 3038 4296 1895 388 3724 821 333 3630 125 3814 1455
1839 1731 3667 4433 800 494 1972 610 1653 3212 955 4426 371 2619 4991 2257 2974 3951 1637 4186
4569 4388 1913 3105 3886 3467 1486 601 102 1021 1480 2830 4762 4448 3945 114 816 4694 1141 2982
640 618 2747 1616 4653 2190 3791 2860 2345 1096 4255 2196 4597 680 982 4522 3402 3252 366 2826
626 2358 1249 63 4826 3303 4153 463 806 4004 440 917 3272 1161 604 1205 2192 2118 2720 3628
3454 2466 1414 847 2423 3798 3553 4114 3037 1971 2060 2970 2932 541 465 626 1234 1542 2635 140
2566 4232 2982 1271 1993 4767 982 4055 2342 3581 1695 2511 4965 4281 2967 3774 3738 465 2228 4946
3059 2976 3526 2301 2228 3951 1896 4448 3323 2662 1016 2301 1711 4824 1444 2302 1131 4626 4247 3825
1628 2821 2817 1160 121 1678 1522 1959 1143 3834 4227 2938 3188 2353 3871 2119 1637 3140 4649 2137
2372 114 1696 2909 88 626 333 2373 4796 4235 4726 3047 480 3502 1621 3467 2758 4902 465 784
2980 3640 529 2204 2928 690 959 2525 2177 1470 2352 117 4120 3789 1696 4505 3103 1723 2766 421
2224 2612 1729 4362 2178 1193 4195 3041 449 3951 2055 2466 1111 4683 1781 165 531 4962 1173 2688
3918 3710 317 737 1781 261 1155 4751 799 2254 4481 4552 3784 2665 4968 4853 4106 3863 1636 2004
3241 3819 661 3265 3029 112 2632 3767 1113 465 428 3245 3446 3093 2188 3190 1249 4856 441 1894
263 1331 2763 4692 3039 4863 1846 2128 2424 988 2704 4653 1708 4415 2692 165 2254 2663 1921 4498
2982 3740 4632 454 523 3951 1205 227 4025 1755 3543 2336 939 1278 3290 955 3099 3903 3200 2697
981 529 987 503 4857 1215 3764 2436 648 3880 4067 2624 547 1773 2885 1497 3259 261 877 522
4503 2612 4597 3219 1616 3538 2373 1955 1702 3477 631 4001 4586 4359 1008 1761 3677 4990 2758 2925
3834 4278 2912 4195 3047 490 128 1286 2941 2396 2789 4129 4546 4786 293 1696 3789 4400 4854 3744
1628 1289 465 1187 3905 318 853 636 4597 2946 1083 649 4652 892 4752 385 1855 3892 2051 3243
4271 1121 2571 1251 800 1699 4548 4981 1884 144 1490 4824 63 4066 1352 1080 69 3897 1029 4458
173 2274 3222 2257 4245 3694 2291 754 2228 1470 4498 2830 3279 2527 1037 15 728 4153 3434 3532
4968 2373 2934 389 2417 545 2765 3030 129 915 3132 3883 3521 1393 4247 1306 1723 1696 3872 2105
4285 2338 1364 4083 2650 2915 2488 4723 102 4575 3945 2004 4448 3115 626 4597 1148 4968 3970 2538
3348 1704 1452 238 764 1378 430 800 2830 955 3110 2527 784 1300 333 3974 100 4795 2910 3284
3606 2823 1892 182 283 1453 2194 3551 2228 1696 3776 1267 4798 1726 1392 878 4397 802 217 4826
2747 1331 3628 1286 4842 3350 204 2368 198 600 1676 4683 4733 1723 4439 3667 4669 915 3951 94
755 805 3222 341 384 2078 4691 4632 3048 2974 4220 1739 237 10 2692 1639 1486 64 1743 360
1589 2301 690 1036 815 962 984 4193 2830 4669 2395 1998 3574 442 2911 3681 538 3359 3217 3119
4228 2657 2301 3462 2406 2419 1942 1119 393 2289 4632 3368 2034 3445 2782 3466 4183 821 462 479
3188 2621 3330 2611 163 498 3984 492 4477 4216 1628 2001 2691 2678 606 2612 800 2393 2257 364
378 2799 4567 1264 133 2670 2654 1377 545 1879 4837 2982 940 1616 4597 1160 2939 774 1192 1773
4964 2044 1133 4798 1469 368 165 3157 3053 1628 2859 345 3468 4597 92 800 370 444 430 3284
63 4632 2769 172 3700 2527 1514 1884 3538 2530 988 4800 4597 4012 15 204 2018 3797 2611 3713
1839 4569 4295 1703 1654 1261 444 4115 3723 626 3883 4019 3115 1452 2049 917 1617 3945 822 1165
3710 3655 1656 200 1952 600 459 2943 1415 1824 3219 2312 2354 1742 2644 3402 3251 3937 3789 4125
1550 1365 2197 2763 1678 3217 3083 1870 2257 2527 3460 1113 3053 3013 719 4153 955 3218 2342 540
4569 1051 4409 2219 3039 1890 4586 4660 4768 3791 1001 1972 4827 3726 2465 728 1494 1070 4244 1826
3188 955 193 263 2974 2745 204 4245 625 2525 2191 4674 2915 3710 752 3479 1364 2111 455 100
2911 2103 2301 1085 600 4036 9 4835 2298 98 746 3115 84 4854 3883 1872 3283 1797 3285 2675
1468 4788 2599 827 3945 3093 1291 4277 1280 4231 2497 3337 3783 556 2702 1696 1453 1921 1741 3936
1628 3591 1920 2341 816 749 1470 4632 2352 4134 3251 1895 4774 3141 821 556 3984 2262 3071 113
