870 4097 4393 1581 170 380 3700 1704 4546 4408 4473 4059 2544 4909 3630 2655 2049 4702 4826 2655
4090 2105 2697 3364 3381 894 2763 2109 560 1544 4774 1757 541 4786 3442 1264 3068 4931 2034 88
4148 2372 753 2159 4015 1965 4348 4059 3037 215 2795 917 430 3767 800 463 1286 4796 4499 3990
3466 626 626 4597 1148 4304 3996 2828 465 3718 616 659 3655 1595 4964 465 2553 1359 3053 3816
3466 82 3945 2580 498 3612 4059 1658 2928 3929 304 4582 495 1696 658 429 4269 577 1323 1399
2911 1581 1555 2072 4901 958 428 2611 3157 917 1872 3253 1405 2553 431 2875 1280 3133 2345 1089
2118 3491 2867 1499 3454 4160 1016 541 4216 4409 2817 3211 1193 822 4968 3863 4907 886 4001 3166
870 3769 3951 1436 1155 3509 823 2525 4833 3222 2931 4702 465 4173 1626 3945 3502 1112 4518 2606
511 4888 3272 2817 4990 1453 100 4842 1587 2970 3979 2384 3872 463 4266 113 3028 4726 1202 3814
795 959 1784 4636 4216 3899 1587 2474 1989 2373 1995 2103 2490 2015 3285 2514 2909 3783 3989 3577
1079 1932 4398 3172 1928 1872 3476 3466 113 4436 2038 886 1530 1289 2639 121 935 4977 3767 4270
1176 1119 2338 2739 3883 1608 3099 4751 3929 1993 3074 193 597 4059 3222 1421 935 2042 100 3253
1628 4370 375 1917 2624 1635 430 4798 1760 2963 4134 1336 2075 169 1568 2951 3379 4659 4372 3141
3710 739 1628 955 384 4650 1331 1469 4995 2758 2332 3288 2436 3047 2740 4108 4828 2800 3621 1567
1065 642 2640 4830 1695 2034 2654 4608 2871 1565 2829 4631 1342 2569 1272 3645 2274 1696 4888 1715
4569 4858 4888 4220 1533 2301 2538 3600 1880 3378 960 4844 1489 2258 958 2145 1108 1630 4631 2342
1746 1097 3272 3256 2765 3681 3789 915 4795 4426 2051 3292 2368 4173 2149 3059 3484 965 799 4372
4835 96 4097 4428 2763 2105 3984 2487 2236 901 544 4923 202 3899 1453 160 4707 617 1021 3883
2974 4306 1673 2228 2228 634 4464 1787 275 3142 4634 2566 4546 3253 3296 3288 3538 30 3930 1944
3454 3330 3448 2974 2661 465 2911 3681 831 47 4470 2908 3222 337 4952 976 168 3387 463 3705
263 2025 465 2228 2308 1731 217 2669 2928 2051 2777 4948 1954 3965 3710 461 4990 3468 2551 3532
2628 4978 2706 2055 1012 2142 3433 3883 3288 62 4317 1883 4216 393 4216 507 4632 4097 755 3790
3350 163 3945 2858 3681 3489 4605 4626 4631 3446 2410 2514 4577 3521 2995 1764 191 2468 2149 2909
2741 3417 1896 3452 1696 3901 2872 3507 611 1573 2754 1300 4190 1969 261 4990 83 4796 3532 2301
1619 2922 1906 2317 737 4044 1863 1890 604 736 4383 1941 2051 1846 2872 2368 4241 2094 2395 344
1489 934 4795 1756 4826 1993 3774 2258 1394 1743 1401 4409 1097 1121 3466 4242 3466 1371 1951 4796
3710 3782 3466 3304 2174 2574 2251 4273 597 501 958 3667 518 1176 1256 4597 2693 498 2245 1489
1204 1448 2490 4626 1173 4990 1671 2707 4959 684 3048 334 541 2494 1036 964 3681 1906 17 459
4364 3783 155 500 379 2487 3796 821 1940 4231 6 4636 2436 784 4626 2159 884 2199 1555 3879
1972 4400 2978 3789 4502 1846 1722 3664 4632 193 3190 3264 3724 1012 439 1100 4153 1716 2269 1455
213 3059 4669 3766 3555 1008 2609 4743 3808 4726 2456 734 800 3378 1840 3140 1155 1892 4108 3153
1641 4184 2841 498 609 3256 4288 339 1480 2818 4795 3058 4572 3208 1872 2705 3457 2895 600 3628
2462 4887 3708 2138 4697 741 3591 4947 2228 1255 2242 100 332 4060 2363 4245 1182 924 3623 3029
4364 2456 4531 3478 4955 2075 2116 4104 82 2188 3988 3913 805 1119 113 4146 575 1489 4600 2616
263 4910 1086 3782 3478 1972 1267 4751 4173 4556 2247 3680 1043 2035 3007 2967 1337 3115 4443 1631
1619 102 2022 3628 976 4389 3251 3498 2138 1606 4349 1102 3937 2373 1286 2130 2911 1892 1176 4795
2895 2633 2373 4804 4795 392 1581 2436 1555 4096 4288 3863 2247 100 3337 4819 1281 4694 712 2298
511 234 4795 2373 4583 1580 2939 966 3332 2161 503 1919 4597 2432 4597 3005 4514 4142 3700 2641
2978 3596 2352 4305 3466 1696 2702 1669 1483 3847 410 371 4298 15 2368 3998 672 125 747 4581
3202 752 2042 4952 2260 100 1358 4952 3687 3051 1008 4404 1429 2034 4956 858 4288 4410 1159 4597
4964 924 2773 1628 1906 2338 2117 3984 4991 1657 4971 3030 3157 1255 4033 4788 3839 4816 3963 305
4846 2979 4245 2747 784 100 4795 4632 937 794 2400 1337 252 2490 4473 3879 343 6 1600 1220
2911 463 3063 1289 3476 4952 3313 4669 1567 3167 2954 4594 910 2854 121 102 2539 3723 626 1829
3188 2188 2169 4257 1600 4210 2127 3127 1861 2276 3108 3466 4123 3667 831 1999 2078 3251 805 44
3364 32 177 3768 4537 595 3567 4410 1456 2482 2503 2034 820 1882 4838 191 4707 1037 959 3681
3056 660 153 750 1879 4990 1469 3969 3048 1882 263 3399 1563 2750 883 4923 4969 1379 3164 4247
1619 3059 2650 1467 1254 2236 1424 161 4709 2613 4830 517 3929 4571 4826 3538 2145 2632 1951 800
3974 3067 1923 1757 4577 2085 1453 1443 1995 989 4173 4494 465 1616 4298 2851 4266 2639 4961 899
3606 3984 2072 4999 1193 1344 2199 121 4460 1339 389 1581 1923 1993 1433 15 465 3798 3768 892
263 4304 332 529 834 2410 2874 2192 2301 2243 3543 2291 4496 114 3157 2103 2974 303 1690 2815
2911 1892 2853 1556 823 3264 3680 2835 1703 722 4195 2133 98 703 4372 2538 3314 3655 3019 405
4563 3071 2299 1696 2854 4070 2105 2269 2925 304 1263 922 3396 2908 548 3947 3984 3863 1289 1268
4542 1810 3711 3452 2871 927 2932 4123 2830 2411 1037 4173 2817 388 3898 2183 2967 4012 982 4830
4363 3916 4940 3945 191 3468 1286 1696 3236 4561 878 3147 173 2254 3563 510 2397 4816 750 2623
1588 2022 87 3791 1232 2539 3680 3412 3252 3726 3768 2122 1846 4586 805 3199 3058 2571 4270 2848
2911 2819 173 3275 2368 388 808 4708 1489 1453 2893 652 2034 2135 2817 2815 1255 4966 2824 318
3188 4241 3410 558 3127 1883 3347 2436 3500 1151 2645 605 2539 1005 1231 883 3001 588 344 522
3544 3253 3269 113 1832 1371 121 4383 2841 148 1306 3636 1401 2395 2334 1341 2609 3538 2304 2822
1489 294 82 2249 3736 800 918 2524 1115 3678 479 2096 2817 4797 12 1207 234 2396 1888 4480
4506 1254 2281 4072 545 4987 4838 1862 465 626 1148 4471 644 2758 2022 1136 4216 2517 4391 3606
3952 1119 2872 3856 1954 463 3240 1408 1232 4033 3087 1097 3826 636 2060 892 2352 4729 366 3866
373 2789 2281 1501 4387 2679 400 4494 3468 733 4048 2759 463 734 522 3169 3350 3869 1846 4694
193 3048 3844 2368 2368 741 1030 4081 2880 4795 3235 1746 411 2801 236 952 2455 4597 4418 3041
3466 1234 626 784 4520 3285 4708 1790 2103 465 3869 344 3984 3705 4183 15 3288 1975 3945 1899
