831 831 831 831 831 831 831 831 831 831 831 831 831 831 831 831 831 831 831 831
831 831 831 831 831 831 831 831 831 831 831 831 831 831 831 831 831 831 831 831
831 831 831 831 831 831 831 831 831 831 831 831 831 831 831 831 831 831 831 831
831 831 831 831 831 831 831 831 831 831 831 831 831 831 831 831 831 831 831 831
831 831 831 831 831 831 831 831 831 831 831 831 831 831 831 831 831 831 831 831
831 831 831 831 831 831 831 831 831 831 831 831 831 831 831 831 831 831 831 831
831 831 831 831 831 831 831 831 831 831 831 831 831 831 831 831 831 831 831 831
831 831 831 831 831 831 831 831 831 831 831 831 831 831 831 831 831 831 831 831
831 831 831 831 831 831 831 831 831 831 831 831 831 831 831 831 831 831 831 831
831 831 831 831 831 831 831 831 831 831 831 831 831 831 831 831 831 831 831 831
831 831 831 831 831 831 831 831 831 831 831 831 831 831 831 831 831 831 831 831
831 831 831 831 831 831 831 831 831 831 831 831 831 831 831 831 831 831 831 831
831 831 831 831 831 831 831 831 831 831 831 831 831 831 831 831 831 831 831 831
831 831 831 831 831 831 831 831 831 831 831 831 831 831 831 831 831 831 831 831
831 831 831 831 831 831 831 831 831 831 831 831 831 831 831 831 831 831 831 831
831 831 831 831 831 831 831 831 831 831 831 831 831 831 831 831 831 831 831 831
831 831 831 831 831 831 831 831 831 831 831 831 831 831 831 831 831 831 831 831
831 831 831 831 831 831 831 831 831 831 831 831 831 831 831 831 831 831 831 831
831 831 831 831 831 831 831 831 831 831 831 831 831 831 831 831 831 831 831 831
831 831 831 831 831 831 831 831 831 831 831 831 831 831 831 831 831 831 831 831
831 831 831 831 831 831 831 831 831 831 831 831 831 831 831 831 831 831 831 831
831 831 831 831 831 831 831 831 831 831 831 831 831 831 831 831 831 831 831 831
831 831 831 831 831 831 831 831 831 831 831 831 831 831 831 831 831 831 831 831
831 831 831 831 831 831 831 831 831 831 831 831 831 831 831 831 831 831 831 831
831 831 831 831 831 831 831 831 831 831 831 831 831 831 831 831 831 831 831 831
831 831 831 831 831 831 831 831 831 831 831 831 831 831 831 831 831 831 831 831
831 831 831 831 831 831 831 831 831 3811 831 831 831 831 831 831 831 831 831 831
831 831 831 831 831 831 831 831 831 831 831 831 831 831 831 831 831 831 831 831
831 831 831 831 831 831 831 831 831 831 831 831 831 831 831 831 831 831 831 831
831 831 831 831 831 831 831 831 831 831 831 831 831 831 831 831 831 831 831 831
831 831 831 831 831 831 831 831 831 831 831 831 831 831 831 831 831 831 831 831
831 831 831 831 831 831 831 831 831 831 831 831 831 831 831 831 831 831 831 831
831 831 831 831 831 831 831 831 831 831 831 831 831 831 831 831 831 831 831 831
831 831 831 831 831 831 831 831 831 831 831 831 831 831 831 831 831 831 831 831
831 831 831 831 831 831 831 831 831 831 831 831 831 831 831 831 831 831 831 831
831 831 831 831 831 831 831 831 831 831 831 831 831 831 831 831 831 831 831 831
831 831 831 831 831 831 831 831 831 831 831 831 831 831 831 831 831 831 831 831
831 831 831 831 831 831 831 831 831 831 831 831 831 831 831 831 831 831 831 831
831 831 831 831 831 831 831 831 831 831 831 831 831 831 831 831 831 831 831 831
831 831 831 831 831 831 831 831 831 831 831 831 831 831 831 831 831 831 831 831
831 831 831 831 831 831 831 831 831 831 831 831 831 831 831 831 831 831 831 831
831 831 831 831 831 831 831 831 831 831 831 831 831 831 831 831 831 831 831 831
831 831 831 831 831 831 831 831 831 831 831 831 831 831 831 831 831 831 831 831
831 831 831 831 831 831 831 831 831 831 831 831 831 831 831 831 831 831 831 831
831 831 831 831 831 831 831 831 831 831 831 831 831 831 831 831 831 831 831 831
831 831 831 831 831 831 831 831 831 831 831 831 831 831 831 831 831 831 831 831
831 831 831 831 831 831 831 831 831 831 831 831 831 831 831 831 831 831 831 831
831 831 831 831 831 831 831 831 831 831 831 831 831 831 831 831 831 831 831 831
831 831 831 831 831 831 831 831 831 831 831 831 831 831 831 831 831 831 831 831
831 831 831 831 831 831 831 831 831 831 831 831 831 831 831 831 831 831 831 831
831 831 831 831 831 831 831 831 831 831 831 831 831 831 831 831 831 831 831 831
831 831 831 831 831 831 831 831 831 831 831 831 831 831 831 831 831 831 831 831
831 831 831 831 831 831 831 831 831 831 831 831 831 831 831 831 831 831 831 831
831 831 831 831 831 831 831 831 831 831 831 831 831 831 831 831 831 831 831 831
831 831 831 831 831 831 831 831 831 831 831 831 831 831 831 831 831 831 831 831
831 831 831 831 831 831 831 831 831 831 831 831 831 831 831 831 831 831 831 831
831 831 831 831 831 831 831 831 831 831 831 831 831 831 831 831 831 831 831 831
831 831 831 831 831 831 831 831 831 831 831 831 831 831 831 831 831 831 831 831
831 831 831 831 831 831 831 831 831 831 831 831 831 831 831 831 831 831 831 831
831 831 831 831 831 831 831 831 831 831 831 831 831 831 831 831 831 831 831 831
831 831 831 831 831 831 831 831 831 831 831 831 831 831 831 831 831 831 831 831
831 831 831 831 831 831 831 831 831 831 831 831 831 831 831 831 831 831 831 831
831 831 831 831 831 831 831 831 831 831 831 831 831 831 831 831 831 831 831 831
831 831 831 831 831 831 831 831 831 831 831 831 831 831 831 831 831 831 831 831
