2061 2042 2917 764 2734 1437 3119 4952 2474 3239 3071 3538 3760 4325 616 2345 302 3203 1489 1628
2911 2247 1192 3467 4502 1461 4604 3608 4891 2609 1309 2307 4012 982 2813 4946 3432 3502 4795 2095
3710 4634 2893 3123 3538 212 2854 1128 1230 3721 4700 626 2854 1887 2258 1996 893 2353 1874 2258
4964 1672 3242 3549 3448 490 2487 3801 4586 3156 4281 4663 4012 3251 1832 1286 2712 366 2631 959
2402 4353 3726 3048 821 1453 4952 722 2932 1051 4731 82 3675 1103 362 4994 144 597 4356 1453
2911 3 2027 2999 3029 3029 2377 1855 1974 1729 799 113 3393 862 3565 1899 4649 774 3563 545
2911 2754 1691 4538 1852 2885 1911 182 2591 800 463 525 1763 703 498 1096 4983 3992 718 4368
2356 2824 428 597 2778 3337 623 2778 98 366 4036 394 82 1846 3026 4811 2745 3300 4158 2477
4968 1877 4426 2841 4721 4968 2995 4307 955 755 982 915 2606 2436 1748 800 383 1858 4188 4324
3188 102 4580 3655 1567 2265 1296 2410 3962 1455 1065 685 4436 2233 4862 2061 2609 2178 3261 2223
2515 4691 2569 2982 410 2911 2633 2373 4061 503 462 3039 4708 2756 4773 109 1117 3808 4908 2576
977 4725 4990 4515 3694 3138 617 4626 814 3294 2465 3798 2885 4801 1173 1286 3801 3220 2301 2192
2350 3725 3880 924 440 2657 1405 2702 388 2702 4628 4952 3041 2352 1358 4267 1394 4216 3951 1568
4245 4966 4705 2034 3071 2352 2863 1488 3681 4387 3774 366 2070 366 818 3528 4946 2623 1005 4931
2435 2569 3588 1173 2758 3700 2229 1452 3532 2734 4898 1246 1121 4302 2200 1097 1023 2645 2796 1696
1364 1256 121 263 4795 3608 463 1942 4795 784 2436 2974 4216 2004 2395 2817 1455 799 3337 4575
853 2780 1098 586 3486 1718 4026 374 4281 3968 3304 4020 4708 1037 3418 1121 995 1688 3071 1337
108 558 150 217 4798 2354 800 2751 4164 3974 2813 389 4795 2938 1286 2075 4708 430 4108 4020
2911 4910 4196 4750 4216 2079 4795 4209 2283 1760 27 3304 503 3645 197 4359 3521 210 2598 966
2022 2856 822 853 147 2356 4964 463 1499 2678 1406 566 2763 1659 3743 3199 4255 4991 2712 1286
3188 2188 1499 4660 3381 1129 3951 143 2292 24 3053 2312 3309 4359 1408 3304 4826 4398 4375 4205
3188 3959 1349 4946 3542 3520 3288 1755 3710 4149 2842 4965 2932 2022 2353 757 1608 3302 2220 4299
3466 2178 2462 2991 2874 4247 430 2754 4153 821 3115 660 1189 1923 121 1626 989 954 2257 1036
2859 734 4001 3126 4288 2146 2754 3029 4120 4108 329 4991 2007 360 1293 2895 428 1319 2404 2885
1641 3253 430 800 3348 2527 2236 4097 4780 2105 3252 3597 1328 1872 4019 3936 2033 1008 2229 975
2911 1268 4546 4257 2178 2275 1960 3819 3400 1642 4691 2146 712 883 2354 1097 3727 1884 3538 2778
3710 2911 3 2871 3053 3060 3839 4862 1878 1941 430 3224 3253 1645 86 2318 4097 4597 15 2406
384 2960 4723 3118 2825 341 792 2508 1369 1017 1303 3282 3285 1909 1610 3067 2354 121 781 1844
263 4661 1396 1928 2034 2356 958 1256 2657 3348 711 3984 3115 1636 3656 191 1829 2436 4800 2471
3188 1776 541 613 2368 2018 3190 3136 1337 4108 165 741 2621 410 3222 30 556 4952 4826 344
3315 4332 3984 1222 3110 1508 2922 4948 3190 3002 2105 1846 4022 4873 4306 1696 4653 2212 1959 113
384 545 2067 1333 3681 492 1398 3522 3711 3549 910 3677 2625 2236 2278 4851 3534 3115 1269 63
2911 2633 1862 1159 538 3882 385 4012 430 1477 4990 1626 465 2758 4653 3317 2375 1829 113 892
3364 982 1457 693 3780 1993 750 4816 1175 3582 2487 1254 3172 1401 237 202 3007 465 2126 4632
3364 1198 2571 3285 888 4556 1688 915 4754 1054 3115 3219 899 2910 3774 3724 3540 2587 82 4889
3433 2426 1494 1249 1453 2001 1921 2078 3798 4546 632 917 2436 4906 4182 3467 3844 3261 4765 1550
2118 1436 3029 1119 753 3681 3916 4353 1528 1565 2441 4173 3839 1522 2011 1500 522 4853 3681 2590
1619 3914 2982 3285 4206 4094 2982 173 566 1089 3528 1996 1581 1834 3381 800 1723 603 4383 1551
4416 934 4599 4656 2436 189 637 3883 3534 1017 1156 121 3467 3190 4245 3242 4475 1619 2395 2815
2747 4762 2699 3037 3134 1906 4164 2456 2183 2598 1172 1781 121 2445 1748 1300 1205 2609 1816 3099
3188 1723 746 367 2368 3201 1926 1855 408 4844 4744 3279 1862 1696 2472 379 4824 2262 4635 1430
962 1696 43 1027 379 1993 1053 73 4952 2061 1369 2555 2223 334 1619 2882 3521 4502 4182 3944
2817 2395 2022 4127 4734 3945 3114 2609 1716 3945 3481 2693 719 924 140 625 1083 4296 4550 2967
4146 3302 2279 4752 1081 1499 2979 350 204 1700 4165 2928 4856 1735 388 1217 3071 821 1250 3466
1728 753 4751 1510 2105 2228 753 178 1652 4383 2500 3521 2859 3466 3219 1108 3240 4097 225 1729
4964 3211 1331 955 1433 2637 2932 3111 2818 4245 133 4400 479 1396 998 1975 2621 4632 3087 4426
2809 2817 4821 3789 955 171 161 1847 320 2809 4990 982 431 3420 3695 698 853 4626 1890 2023
1700 102 2373 1642 2568 3984 3808 3749 1555 3284 2312 1286 1316 2836 3019 2436 4968 1392 465 323
3941 1064 2395 210 548 324 3846 2895 2436 4906 800 753 366 645 4336 3401 2882 3337 2603 2054
2307 1256 1859 2939 3565 1890 800 593 3241 1619 2980 746 379 1155 2350 2351 3467 3071 3538 1155
1998 4126 21 2642 2384 4428 1673 1555 2423 3282 4502 121 3466 45 784 1970 647 4389 545 1287
3348 3211 1890 1890 3630 1829 1748 1213 3682 2341 1506 4408 2543 3839 3614 2138 3609 1737 3172 1729
3764 1593 1878 2330 3151 718 3395 2896 1828 1757 3645 2142 894 4097 3029 937 2734 4078 4597 2044
4995 2987 1490 814 3951 3031 210 4926 1608 958 1105 3253 163 3060 249 2034 1176 821 4597 4283
2286 1950 4729 4764 1489 3434 4990 3936 2500 3361 3680 331 430 2618 1396 1781 1470 3071 332 4858
3109 1280 1056 2970 210 4241 1097 4097 3454 3949 2353 4313 3591 1752 933 816 3700 361 853 1941
1628 4283 1895 3272 1155 374 1850 2854 247 185 2330 4131 3053 632 2712 1197 121 2872 2038 3430
1595 1892 3655 3172 952 2500 1331 898 4688 4425 47 1757 4157 352 3880 2494 1699 2305 0 2351
1839 2590 3127 821 3258 2606 1721 2104 4597 3211 3190 4173 3881 2782 2830 1995 710 1489 1005 2567
1641 4242 2275 3990 2763 1689 4081 2633 883 3705 1928 82 822 958 217 2191 2494 4194 4448 2533
4944 100 1119 4125 463 2070 3285 4727 3251 4990 1810 4123 1312 4707 1043 690 4685 3630 2178 4245
1628 1726 3402 1098 4626 690 822 2568 2368 887 3115 1993 1455 2092 4675 3861 1461 2148 4108 4966
3188 2188 4744 4398 3997 4451 1567 82 1657 816 3967 3539 2863 2291 1698 1855 225 1846 4660 2301
1619 3914 3350 2471 3535 1701 4490 1059 2781 3434 382 4059 4192 2368 4662 974 3375 2974 1367 741
