122 3850 1396 4722 800 2810 1974 800 2731 2824 626 626 626 626 626 626 626 626 626 626
1619 3914 2778 4288 1628 800 3574 4946 719 626 626 626 626 626 626 626 626 626 626 626
1619 3914 2373 2830 2817 3478 4475 4281 3466 4153 1628 800 2074 2626 4360 800 4503 626 626 626
1619 3914 2373 646 4887 800 4267 1846 2373 165 4946 165 4946 2259 2373 4356 800 648 463 165
1619 3914 100 100 1696 821 2730 2492 573 165 2246 165 4946 165 4946 1039 1341 2711 165 1696
1619 3914 3586 3474 2373 1846 2140 690 955 955 3466 626 626 626 626 626 626 626 626 626
3466 626 626 626 626 626 626 626 626 626 626 626 626 626 626 626 626 626 626 626
1619 3914 2809 1504 1628 800 1014 1696 4841 2711 3002 821 165 2546 414 165 4946 3644 2373 701
1619 3914 100 100 1696 3103 3466 454 3466 3127 821 398 626 626 626 626 626 626 626 626
1619 3914 100 324 800 800 877 1696 2848 1846 4426 3965 4074 165 4946 750 1846 2131 2373 2830
3466 626 626 626 626 626 626 626 626 626 626 626 626 626 626 626 626 626 626 626
3466 626 626 626 626 626 626 626 626 626 626 626 626 626 626 626 626 626 626 626
1619 3914 2373 3943 1286 437 463 1286 465 626 626 626 626 626 626 626 626 626 626 626
1619 3914 1367 2079 165 4277 1696 4632 2354 4925 165 4946 1493 800 3127 4826 821 626 626 626
2022 2373 3737 1884 626 626 626 626 626 626 626 626 626 626 626 626 626 626 626 626
1619 3914 2733 1637 2817 800 2582 800 3682 2848 1846 3117 3510 1628 800 2868 4878 800 4012 3041
1619 3914 2455 2064 800 2611 1846 2373 1229 165 373 800 2083 1228 165 2099 1628 800 1232 2830
1619 3914 1367 2817 4990 800 2702 1696 2049 982 511 800 591 1906 3013 4844 3484 800 57 934
1619 3914 2373 2177 3228 2736 100 799 1696 2974 800 2767 113 4610 800 3156 800 800 3828 1286
2974 284 525 626 626 626 626 626 626 626 626 626 626 626 626 626 626 626 626 626
1619 3914 2373 3211 2817 4990 1114 4092 800 2353 100 800 4383 4383 2686 800 430 800 3109 1628
1619 3914 2140 808 2817 800 430 800 1286 4688 800 463 1286 300 463 4216 3323 800 1021 1522
1619 3914 100 2939 1628 962 548 626 626 626 626 626 626 626 626 626 626 626 626 626
1619 3914 3156 100 702 4475 4475 1628 800 3179 626 800 100 800 1286 100 2868 4383 4020 4431
2911 100 1696 4787 4475 3053 626 626 626 626 626 626 626 626 626 626 626 626 626 626
1619 3914 1367 2712 2078 4990 1286 1005 4946 743 626 626 626 626 626 626 626 626 626 626
3466 626 626 626 626 626 626 626 626 626 626 626 626 626 626 626 626 626 626 626
1619 3914 3433 100 800 100 3466 821 626 626 626 626 626 626 626 626 626 626 626 626
1619 3412 644 1330 626 626 626 626 626 626 626 626 626 626 626 626 626 626 626 626
1619 3914 2373 1230 800 4597 800 4027 1610 2741 3288 3582 2705 800 1286 1215 100 800 882 1696
3466 626 626 626 626 626 626 626 626 626 626 626 626 626 626 626 626 626 626 626
1619 3914 100 1474 1696 3200 1598 3875 800 4626 1637 1846 4962 4389 626 626 626 626 626 626
1619 3914 2373 2807 2899 3259 2711 2420 463 1286 108 4536 165 4475 1675 329 2906 1628 2373 690
1619 3914 2490 800 1286 2373 3594 1286 3790 3666 2860 2373 4160 2373 165 2836 2711 165 1797 4959
1619 20 800 3831 937 626 626 626 626 626 626 626 626 626 626 626 626 626 626 626
1619 3914 2373 3793 800 1089 1757 4281 800 541 800 4505 1115 1286 4012 1846 3582 100 100 1696
1619 3914 1367 100 955 2817 800 463 1286 1099 799 113 1628 4817 4990 4990 4426 2543 894 1142
4245 284 626 626 626 626 626 626 626 626 626 626 626 626 626 626 626 626 626 626
1619 3914 1723 100 531 800 1286 100 800 3682 4505 2373 3682 4216 4946 1155 430 800 1825 626
1619 3914 99 800 716 3704 2698 4595 784 548 3317 522 3945 4426 4062 764 165 4946 1155 4542
1619 3914 2373 3014 2373 3014 2373 2830 2817 4990 1286 3945 2457 2368 966 3360 2105 800 1470 113
3188 2911 4245 2373 3239 2587 4632 4475 1628 2373 1286 1972 3466 843 4475 1628 800 2036 100 100
3466 626 626 626 626 626 626 626 626 626 626 626 626 626 626 626 626 626 626 626
3466 626 626 626 626 626 626 626 626 626 626 626 626 626 626 626 626 626 626 626
1619 3914 2373 3014 303 3466 884 800 2148 800 463 1286 4475 3466 626 626 626 626 626 626
1619 3914 3156 4642 1128 100 790 821 165 4946 3052 3951 4123 800 129 3265 800 3466 4129 2373
1619 4633 4651 1696 2982 626 626 626 626 626 626 626 626 626 626 626 626 626 626 626
1619 3914 3350 4173 2817 2646 483 516 4626 4146 4126 626 626 626 626 626 626 626 626 626
332 1628 4725 626 626 626 626 626 626 626 626 626 626 626 626 626 626 626 626 626
996 1696 4257 3150 800 1286 1480 586 4481 2054 2702 4990 626 626 626 626 626 626 626 626
3466 626 626 626 626 626 626 626 626 626 626 626 626 626 626 626 626 626 626 626
1619 3914 3350 3498 2324 626 626 626 626 626 626 626 626 626 626 626 626 626 626 626
1619 3914 959 2817 140 3879 1286 1049 2373 430 800 3687 2778 2990 1977 4577 1892 800 4714 293
1619 4245 2160 626 626 626 626 626 626 626 626 626 626 626 626 626 626 626 626 626
3466 626 626 626 626 626 626 626 626 626 626 626 626 626 626 626 626 626 626 626
3466 626 626 626 626 626 626 626 626 626 626 626 626 626 626 626 626 626 626 626
1619 3819 2911 4946 1367 2199 800 1739 1286 4597 800 800 4383 1333 319 626 626 626 626 626
1619 3914 1367 3464 626 626 626 626 626 626 626 626 626 626 626 626 626 626 626 626
3441 626 626 626 626 626 626 626 626 626 626 626 626 626 626 626 626 626 626 626
1619 3914 2659 2399 955 100 2401 1628 800 1286 2817 430 800 4722 800 3681 2974 800 541 3466
870 2446 2373 800 934 800 3250 4426 821 165 1846 2986 4476 1935 3898 3561 2354 262 219 169
1619 3914 3350 43 3786 1696 3917 4632 2354 4475 626 626 626 626 626 626 626 626 626 626
1619 3914 977 3466 4245 800 3828 800 541 800 2763 4475 4542 3466 626 626 626 626 626 626
1619 3914 3130 4189 1230 2974 800 3475 800 1846 2436 3466 4826 2373 334 800 341 2908 2211 206
