1619 3914 4649 2702 934 800 2670 3337 3130 463 3524 897 824 3549 3478 165 4946 3071 1189 1812
1619 0 2989 1826 114 3048 1722 3808 3122 626 626 626 626 626 626 626 626 626 626 626
947 520 4281 4977 719 1680 4386 1286 1678 430 350 4426 102 4996 2354 807 4141 2665 956 4188
3188 1892 1581 3682 934 3681 800 2327 1392 1039 3784 1271 4795 2432 1286 800 4288 1037 979 1123
3710 2911 534 534 2179 1329 2481 3724 1139 3071 4125 3677 1915 3172 2719 2744 1872 3281 2373 1225
1619 4342 4426 4498 4937 3868 335 1030 1846 3093 2872 1143 1245 1453 100 3540 1696 2318 2373 4626
1619 2925 4468 3315 3791 3127 1629 388 100 3839 4618 3053 1628 1296 2775 1286 1121 2645 3532 1133
3466 626 626 626 626 626 626 626 626 626 626 626 626 626 626 626 626 626 626 626
2911 1892 4795 4232 2817 3945 4426 2926 3060 2494 3047 3680 165 4931 4946 4902 100 4179 1600 962
3188 3990 1610 1723 1892 818 1309 800 3347 113 2692 35 2466 2442 3914 3395 4860 4691 821 4000
870 4548 3951 1699 1972 4685 4795 3785 1453 100 4054 626 626 626 626 626 626 10 2373 3330
1559 4583 2665 169 2733 4882 2334 2352 2034 2740 538 4430 3272 955 2260 3188 3142 489 1667 4216
2911 4245 4726 2911 2373 3656 3675 1119 1440 955 2817 4891 1490 4205 165 1220 4583 3880 437 1421
4569 113 1628 4252 799 113 4964 490 2352 74 955 2627 626 2974 626 626 626 626 626 626
4668 1029 100 3098 2436 1364 2380 1119 113 3700 3036 626 626 626 626 626 626 626 626 626
1619 1894 822 1711 1568 3618 3466 360 2692 1832 3538 3680 3780 3466 2345 3466 2911 626 626 626
2911 192 994 2188 4019 1679 2040 4844 3265 800 4383 4787 4344 4946 4209 3115 1198 2105 531 4632
2911 992 4803 652 1781 165 810 2078 4946 2324 619 3231 1255 3049 1993 1286 2711 2758 2406 1696
1376 2043 503 3312 3188 4636 800 626 626 626 626 626 626 626 626 626 626 626 626 626
1619 3914 3742 3466 3252 2105 3141 955 955 2974 800 2670 2817 4490 4946 3534 4952 2673 2692 519
2911 3655 100 2494 626 626 626 626 626 626 626 626 626 626 626 626 2373 1453 100 2269
3481 113 739 1455 3378 130 1480 821 165 1993 1129 4765 4955 113 1691 277 305 3521 2265 2754
551 2133 2499 4408 3700 3475 3606 1808 1476 2352 821 4744 3700 1370 2373 4033 2354 121 4401 3914
3188 3890 3204 2334 2817 4990 1220 1155 430 800 3608 3879 2112 840 1696 1030 2475 1453 2709 1153
4569 853 1056 800 4926 1012 958 4632 2354 1289 1696 1669 1628 1969 1455 1430 1844 165 1696 250
1619 2139 2183 4830 1846 4515 3768 4548 2559 3700 2515 430 800 2336 3330 4436 800 4930 800 2710
2982 4943 2373 4580 1116 165 2242 100 1077 1628 3141 676 4394 2070 3466 1141 3872 2967 2884 4952
4102 1895 2430 2957 2911 2754 1696 228 2102 2815 3880 165 1846 2353 3576 4923 3467 3830 3984 4797
3466 626 626 626 626 626 626 626 626 626 626 626 626 626 626 626 626 626 626 626
2911 2817 1616 3984 3656 1696 1865 814 1286 1123 800 3170 4245 3889 2373 108 2061 1553 2501 3410
4245 102 2830 1696 3682 3988 931 1628 2019 160 3272 3609 1249 4181 4798 4990 1739 3462 3156 3041
3466 1696 821 2806 191 626 626 626 626 626 626 626 626 626 626 626 626 626 626 626
3466 4836 964 4835 4632 1860 4097 3466 1917 626 626 626 626 626 626 626 626 626 626 626
2899 2307 1691 212 3466 3013 1700 2911 1136 3626 217 4858 3252 1164 3306 955 513 2911 1533 379
1619 3914 142 868 4379 1700 4965 4195 837 601 4558 3219 4572 2911 2034 74 1277 169 626 626
2456 4583 4426 4760 2406 4281 3402 4236 2368 3164 2368 741 3873 1254 1846 3052 3984 2703 3119 3536
4569 2817 430 800 2862 1919 4352 800 4983 3466 601 800 4195 800 3337 758 2487 4575 1628 800
4472 4604 2982 2954 3655 626 3913 821 626 626 626 626 626 626 626 626 626 626 626 626
2911 237 602 2817 3156 2817 2395 1909 3825 626 626 626 626 626 626 626 626 626 626 626
2196 3415 1286 1696 2754 4246 541 4988 100 3650 3576 626 626 626 626 626 626 626 626 626
2911 1892 1480 2487 3127 4795 1872 100 821 821 2830 165 3408 4108 3835 121 1894 2067 4166 165
2911 155 2817 155 4649 3466 4653 1485 2169 1488 4108 823 3129 400 1872 3816 1960 332 427 2958
3466 626 626 626 626 626 626 3220 626 626 626 626 626 626 626 626 626 626 626 626
1619 2359 160 1972 3399 1433 113 2331 3383 821 1195 2201 1659 165 4358 2739 4347 800 366 2525
870 1408 2599 3868 4267 3182 4951 100 381 3945 4426 2210 4653 4580 1286 3898 4020 2639 100 3337
3710 4937 1921 3875 4383 2281 4136 3021 463 1286 979 2051 1274 1636 1628 2475 4408 4053 450 4221
1839 3532 3826 4306 206 2029 1722 2373 3298 2830 955 541 3466 4375 1696 106 3990 1557 360 3898
2974 3768 816 2197 2128 4247 3819 1906 2292 3858 3256 2138 48 4826 2178 2342 2094 3534 112 294
4569 4551 3972 626 626 626 626 626 626 626 626 626 626 626 626 626 626 626 626 626
1619 3914 1608 1155 1172 113 4153 800 522 4426 1286 4717 1035 1044 1607 1286 1996 800 1464 958
4490 2561 4719 3681 800 2702 3513 379 1255 366 2574 2199 2967 1005 344 3053 821 240 4595 3190
3466 626 626 626 626 626 626 626 626 626 626 626 626 626 626 626 626 626 626 626
3466 626 626 626 626 626 626 626 626 626 626 626 626 626 626 626 626 626 626 626
3188 2817 1289 3812 784 3000 3542 4448 632 2553 2830 2603 3049 165 1286 4861 4569 113 2799 223
1628 2373 237 800 3520 3828 421 1700 3280 639 1488 3534 800 4019 800 424 3913 3854 2974 626
3188 3080 2695 4579 3771 63 293 4991 3060 800 888 4648 4389 4426 1165 2138 3242 3114 4142 3217
1619 4649 1696 3879 4627 1696 2932 2748 962 2572 1081 2838 4908 165 165 4946 2830 388 4826 529
3466 2373 3892 982 3401 3137 3262 319 636 100 3474 626 626 626 626 626 626 626 626 626
1550 4649 3466 100 3880 854 4795 760 3133 3901 430 800 797 1279 400 3029 4474 100 2078 3037
3188 2817 430 3466 1421 1915 2078 1499 4964 463 3700 2758 4054 969 1690 3059 626 626 626 626
4937 4217 800 2321 2436 4780 2628 800 1396 430 800 4940 305 3115 113 1017 3359 165 490 1097
4569 2817 4098 4659 1872 3279 324 1633 3140 3029 2078 2114 4990 800 463 3700 3466 427 2436 2884
1739 3175 2758 2533 3839 1703 237 498 739 1467 3902 2579 3576 626 626 626 626 626 626 626
3752 2373 4502 800 662 800 3065 100 3053 3448 3666 3132 4970 357 1654 626 626 626 626 626
