1619 3914 2373 3014 2373 2830 2817 541 2817 4990 1286 4795 800 4383 1846 4035 800 100 4019 800
1619 3914 2373 2004 626 626 626 626 626 626 626 626 626 626 626 626 626 626 626 626
1619 3914 2373 3014 2373 2830 2817 1265 1696 800 3682 1489 3063 2354 4946 4194 100 800 1286 3250
1619 3914 2373 4001 626 626 626 626 626 626 626 626 626 626 626 626 626 626 626 626
1619 3914 2373 3014 2373 1388 3583 605 1286 2593 2711 4369 2373 2830 800 4492 1286 100 800 4383
1619 3914 3156 100 2078 2899 597 626 626 626 626 626 626 626 626 626 626 626 626 626
1619 3914 2373 2373 2830 2817 188 421 165 4946 1846 2373 4946 1846 384 100 821 3403 165 4990
1619 3914 3156 100 2345 800 9 800 3766 800 2456 4990 3789 113 626 626 626 626 626 626
1619 3914 2373 2899 100 821 165 1696 3630 626 626 626 626 626 626 626 626 626 626 626
1619 3914 2373 3014 2373 2373 2571 100 1628 800 1433 100 800 3682 165 4946 243 346 4649 800
1619 3914 100 100 1696 100 4160 626 626 626 626 626 626 626 626 626 626 626 626 626
1619 3914 2373 3014 2373 430 165 1696 4103 1447 1286 100 821 165 113 821 165 165 1490 4727
1619 3914 3156 100 2817 334 800 4959 165 4946 1846 2103 4792 3053 800 121 1663 1846 1240 626
1619 3914 2373 3869 113 1628 2373 1230 800 800 2974 800 1286 626 626 626 800 800 4216 463
1619 3914 2373 3014 2373 3610 1453 100 821 4377 626 626 626 626 626 626 626 626 626 626
1619 3914 3742 800 4383 748 169 169 800 3645 1723 100 100 1696 1155 4990 800 3682 165 4946
1619 3914 3156 100 2293 800 3538 1696 2709 3507 800 741 1286 2373 1174 4509 800 100 2830 100
1619 3914 3156 100 100 1696 3774 2202 2354 3466 626 626 626 626 626 626 626 626 626 626
1619 3914 3156 100 800 1982 165 1696 1286 384 100 3642 626 626 626 626 626 626 626 626
1619 3914 2373 4066 165 165 1846 2763 1846 2188 626 626 626 626 626 626 626 626 626 626
1619 3914 3156 100 100 1696 463 1286 4106 165 1696 3789 4582 800 4972 100 2373 2373 3610 597
1619 3914 2373 3300 800 1060 1255 1286 4636 626 626 626 626 626 626 626 626 626 626 626
1619 3914 800 100 800 463 1286 113 1286 1367 165 1696 1286 3667 3577 2982 970 4946 4426 371
1619 3914 3156 100 100 1696 463 3466 100 626 626 626 626 626 626 626 626 626 626 626
1619 3914 3156 100 3613 2373 2830 821 165 113 1628 800 4166 100 800 3540 2830 1628 800 4904
1619 3914 800 100 800 2061 821 3139 4990 626 626 626 626 626 626 626 626 626 626 626
1619 3914 3156 100 100 1696 2471 1286 100 1696 1286 2890 1286 100 100 821 3258 800 1089 463
1619 3914 3156 100 100 2440 1628 2373 2830 2817 4990 800 800 2070 1286 100 800 275 55 3945
1619 3914 2373 3014 2373 2373 1846 2436 800 2373 2830 100 2817 4990 800 4036 800 1286 100 3466
1619 3914 2373 3014 2373 2830 2817 4990 800 4267 165 3053 1628 1286 465 626 626 626 626 626
1619 3914 3156 100 2818 800 992 800 2702 1696 1286 100 100 1311 800 2527 1286 1696 2424 463
1619 3914 3156 100 800 4947 3466 626 626 626 626 626 626 626 626 626 626 626 626 626
1619 3914 2373 1388 2070 1286 1113 800 463 1286 1587 800 1225 4222 1433 4632 2354 165 1846 2436
1619 3914 3156 100 800 4087 3466 626 626 626 626 626 626 626 626 626 626 626 626 626
1619 3914 3350 3014 2373 1388 100 800 1286 1245 626 626 626 626 626 626 626 626 626 626
1619 3914 100 100 1696 800 1286 100 1696 463 1286 4269 2817 4990 1286 2357 3256 934 800 4238
1619 3914 100 100 3053 1628 2373 2373 2830 2830 2817 4990 800 2719 1846 1846 1846 2373 165 4946
1619 3914 2373 2462 4426 165 4946 142 4919 626 626 626 626 626 626 626 626 626 626 626
1619 3914 3156 100 100 1696 821 165 4475 2711 1691 800 3618 626 626 626 626 626 626 626
1619 3914 2373 169 3264 2373 1286 4151 1006 100 800 3193 2432 800 3190 626 626 626 626 626
1619 3914 2373 3644 100 800 489 1286 2817 4990 800 2895 626 626 626 626 626 626 626 626
1619 3914 4692 1121 3466 626 626 626 626 626 626 626 626 626 626 626 626 626 626 626
1619 3914 2373 2544 100 800 1286 100 100 1696 662 800 1623 955 100 800 2817 4990 800 423
3418 4475 4216 463 1286 4428 4245 4990 1286 2528 1286 4715 2373 3685 800 463 1286 908 165 1696
1619 3914 3156 100 100 1696 821 165 800 2539 626 626 626 626 626 626 626 626 626 626
1619 3914 2373 2585 100 100 1696 2228 113 626 626 626 626 626 626 626 626 626 626 626
1619 3914 2373 1388 4245 800 4383 800 4355 626 626 626 626 626 626 626 626 626 626 626
1619 3914 2373 3014 2373 2830 1696 800 463 1286 821 165 1846 3914 100 800 3306 2817 4990 800
1619 3914 3220 800 3839 100 100 1696 463 463 1286 169 626 626 626 626 626 626 626 626
2911 1696 2817 4990 800 1364 626 626 626 626 626 626 626 626 626 626 626 626 626 626
1619 3914 3156 100 2830 2817 1855 2817 4990 800 716 1696 2417 1619 3871 3105 2817 800 1938 4990
172 2373 2830 2817 4990 800 1286 2817 3466 2178 100 800 1286 3241 626 626 626 626 626 626
1619 3914 3156 100 2967 800 3682 934 800 3810 113 1628 4252 165 1696 155 100 821 4632 626
1619 3914 3156 100 100 1696 756 4687 3466 2373 2373 2373 3984 165 4946 2373 165 1846 2373 165
1619 3914 3156 100 100 2817 4094 800 4722 3466 800 2129 1993 2040 169 4426 2483 3945 4426 4147
1619 3914 2373 1804 800 1291 845 165 4626 2051 1637 1628 800 212 4662 1286 366 1026 165 4946
1619 3914 2373 3808 100 100 1696 1367 821 3075 800 1286 100 800 100 800 1155 165 1846 4930
1619 3914 100 100 1696 522 4969 4022 1696 1331 2089 2740 3783 4475 626 626 626 626 626 626
1619 3914 3156 100 4757 3603 626 626 626 626 626 626 626 626 626 626 626 626 626 626
1619 3914 3156 100 2817 863 800 1286 821 165 4946 588 165 327 3127 100 800 1286 100 821
1619 3914 2373 3014 2373 3014 2373 2830 2078 4990 626 626 626 626 626 626 626 626 626 626
1619 3914 3156 800 856 800 1286 100 800 1286 100 1628 1696 800 4383 2974 800 2872 3466 626
1619 3914 3156 100 626 626 626 626 626 626 626 626 626 626 626 626 626 626 626 626
1619 3914 2373 2938 800 557 3682 128 1846 905 2354 3465 165 4946 3403 1637 100 100 1696 2760
