831 831 831 831 831 831 831 831 831 831 831 831 831 831 831 831 831 831 831 831
831 831 831 831 831 831 831 831 831 831 831 831 831 831 831 831 831 831 831 831
831 831 831 831 831 831 831 831 831 831 831 831 831 831 831 831 831 831 831 831
831 831 831 831 831 831 831 831 831 831 831 831 831 831 831 831 831 831 831 831
831 831 831 831 831 831 831 831 831 831 831 831 831 831 831 831 831 831 831 831
831 831 831 831 831 831 831 831 831 831 831 831 831 831 831 831 831 831 831 831
831 831 831 831 831 831 831 831 831 831 831 831 831 831 831 831 831 831 831 831
831 831 831 831 831 831 831 831 831 831 831 831 831 831 831 831 831 831 831 831
831 831 831 831 831 831 831 831 831 831 831 831 831 831 831 831 831 831 831 831
831 831 831 831 831 831 831 831 831 831 831 831 831 831 831 831 831 831 831 831
831 831 831 831 831 831 831 831 831 831 831 831 831 831 831 831 831 831 831 831
831 831 831 831 831 831 831 831 831 831 831 831 831 831 831 831 831 831 831 831
831 831 831 831 831 831 831 831 831 831 831 831 831 831 831 831 831 831 831 831
831 831 831 831 831 831 831 831 831 831 831 831 831 831 831 831 831 831 831 831
831 831 831 831 831 831 831 831 831 831 831 831 831 831 831 831 831 831 831 831
831 831 831 831 831 831 831 831 831 831 831 831 831 831 831 831 831 831 831 831
831 831 831 831 831 831 831 831 831 831 831 831 831 831 831 831 831 831 831 831
831 831 831 831 831 831 831 831 831 831 831 831 831 831 831 831 831 831 831 831
831 831 831 831 831 831 831 831 831 831 831 831 831 831 831 831 831 831 831 831
831 831 831 831 831 831 831 831 831 831 831 831 831 831 831 831 831 831 831 831
831 831 831 831 831 831 831 831 831 831 831 831 831 831 831 831 831 831 831 831
831 831 831 831 831 831 831 831 831 831 831 831 831 831 831 831 831 831 831 831
831 831 831 831 831 831 831 831 831 831 831 831 831 831 831 831 831 831 831 831
831 831 831 831 831 831 831 831 831 831 831 831 831 831 831 831 831 831 831 831
831 831 831 831 831 831 831 831 831 831 831 831 831 831 831 831 831 831 831 831
831 831 831 831 831 831 831 831 831 831 831 831 831 831 831 831 831 831 831 831
831 831 831 831 831 831 831 831 831 831 831 831 831 831 831 831 831 831 831 831
831 831 831 831 831 831 831 831 831 831 831 831 831 831 831 831 831 831 831 831
831 831 831 831 831 831 831 831 831 831 831 831 831 1034 2418 1732 2853 1080 1080 1080
831 831 831 831 831 831 831 831 831 831 831 831 831 831 831 831 831 831 831 831
831 831 831 831 831 831 831 831 831 831 831 831 831 831 831 831 831 831 831 831
831 831 831 831 831 831 3634 4117 2968 2418 2418 1732 38 831 831 831 831 831 831 831
831 831 831 831 831 831 831 831 831 831 831 831 831 831 831 831 831 831 831 831
831 831 831 831 831 831 831 831 831 831 831 831 831 831 831 831 831 831 831 831
831 831 831 831 831 831 831 831 831 831 831 831 831 831 831 831 831 831 831 831
831 831 831 831 831 831 831 831 831 831 831 831 831 831 831 831 831 831 831 831
831 831 831 831 831 831 831 831 831 831 831 831 831 831 831 831 831 831 831 831
831 548 831 831 831 831 831 831 831 831 831 831 831 831 831 831 831 831 831 831
831 831 831 831 831 831 831 831 831 831 831 831 831 831 831 831 831 831 831 831
831 482 831 831 831 831 831 831 831 831 831 831 831 831 831 831 831 831 831 831
831 831 831 831 831 831 831 831 831 831 831 831 831 831 831 831 831 831 831 831
831 831 831 831 831 831 831 831 831 831 831 831 831 831 831 831 831 831 831 831
831 3634 1080 1080 1080 1080 1080 1080 1080 1080 1080 1080 1080 1080 1080 1080 1080 1080 1080 1080
831 831 831 831 831 831 831 831 831 831 831 831 831 831 831 831 831 831 831 831
831 831 831 831 831 831 831 831 831 831 831 831 831 831 831 831 831 831 831 831
831 831 831 831 831 831 831 831 831 831 831 831 831 831 831 831 831 831 831 831
831 831 831 831 831 831 831 831 831 831 831 831 831 831 831 831 831 831 831 831
831 831 831 831 831 831 831 831 831 831 831 831 831 831 831 831 831 831 831 831
831 831 831 831 831 831 831 831 831 831 831 831 831 831 831 831 831 831 831 831
831 831 831 831 831 831 831 831 831 831 831 831 831 831 831 831 831 831 831 831
831 831 831 831 831 831 831 831 831 831 831 831 831 831 831 831 831 831 831 831
831 831 831 831 831 831 831 831 831 831 831 831 831 831 831 831 831 831 831 831
831 831 831 831 831 831 831 831 831 831 831 831 831 831 831 831 831 831 831 831
831 831 831 831 831 831 831 831 831 831 831 831 831 831 831 831 831 831 831 831
831 4063 831 831 831 831 831 831 831 831 831 831 831 831 831 831 831 831 831 831
831 831 831 831 831 831 831 831 831 831 831 831 831 831 831 831 831 831 831 831
831 831 831 831 831 831 831 831 831 831 831 831 831 831 831 831 831 831 831 831
831 831 831 831 831 831 831 831 831 831 831 831 831 831 831 831 831 831 831 831
831 831 831 831 831 831 831 831 831 831 831 831 831 831 831 831 831 831 831 831
831 831 831 831 831 831 831 831 831 831 831 831 831 831 831 831 831 831 831 831
831 831 831 831 831 831 831 831 831 831 831 831 831 831 831 831 831 831 831 831
831 831 831 831 831 831 831 831 831 831 831 831 831 831 831 831 831 831 831 831
831 831 831 831 831 831 831 831 831 831 831 831 831 831 831 831 831 831 831 831
831 831 831 831 831 831 831 831 831 831 831 831 831 831 831 831 831 831 831 831
