1691 3681 4746 87 3407 2070 277 2347 746 2693 3785 1070 3442 4078 3467 4059 4634 4121 4238 3851
1012 1215 100 1410 3898 1981 4386 3466 2527 3984 809 2466 3913 4990 224 350 1113 4826 4795 3667
2817 4844 3285 2817 2029 2162 488 2859 1709 4000 3564 1394 1155 3110 4019 345 1954 3029 1053 2712
1037 4803 883 2049 4955 2758 3130 4344 4847 3945 1326 1619 100 2533 4805 4717 3691 4978 883 3248
1588 2982 4226 800 637 1165 2054 1232 4726 1887 2354 340 1147 2281 1639 4830 3157 3115 82 2818
263 886 3642 2911 2783 269 3548 4968 660 2599 3543 377 3951 2928 2373 1726 102 1696 2830 821
250 3239 3080 2300 975 4418 4096 190 3337 96 2199 1037 3402 2051 1711 3799 463 2525 4815 3664
2966 2001 3127 2241 2565 3467 1739 2373 821 3383 560 3945 3361 3467 4295 4526 2067 4 2249 2009
1148 1044 3869 1088 4398 4753 173 4120 3466 2536 4989 3830 843 3863 1703 4653 279 2874 2358 4990
2741 1972 4019 263 145 952 3290 15 2974 2745 430 800 4838 853 4957 2420 4682 3115 545 3983
1628 1367 2817 4990 98 4428 3898 2483 2799 1509 3782 1972 4795 1099 1972 3486 4575 3262 2445 2569
1669 2911 4019 541 2494 3626 370 4707 1205 4952 972 4996 2586 4573 4049 2178 4002 3285 2368 2342
2911 2754 21 4798 1895 3628 113 2609 3048 2988 3410 3831 2809 604 5 4002 4267 3170 430 2367
3364 2373 1361 4542 3789 4796 746 1691 1160 210 3808 2389 2539 4198 1716 4707 4470 1879 1331 2468
1619 99 2804 3071 795 2192 3825 1748 2974 2915 657 526 3071 1337 883 3841 954 2034 958 1601
2911 1892 2765 236 746 990 4475 2850 4364 2359 4815 411 2533 204 3088 2712 2281 4891 656 1696
1628 1249 2257 2282 444 1274 1453 3110 2178 366 857 3839 4844 1644 1447 2228 690 210 1025 4632
2605 3994 2561 696 3495 3211 100 2317 2329 4990 191 3945 2161 3892 2538 4210 1083 2850 1328 2356
700 2982 4715 1027 465 1892 2177 4632 4990 982 958 1287 2859 993 2435 3700 240 4383 1475 2840
1587 3324 2096 1016 3682 2051 1786 2872 4401 3554 1581 198 934 1581 1567 3209 2220 1440 955 3911
2911 2432 4961 3115 551 1574 360 4786 690 3305 1698 617 1628 1121 4026 3323 4626 3410 1834 3140
3466 1148 3791 4566 1331 2841 1859 1232 3626 4051 370 169 2824 2439 88 3343 2042 2860 697 4931
4964 4891 2906 624 766 2061 4347 3276 4216 739 4391 1555 3460 511 3118 686 1155 751 2749 3018
1813 1289 4245 430 800 2378 87 2368 934 4795 600 690 4502 2247 1039 3466 1035 4853 4072 1161
473 2704 1906 740 2037 4990 2974 374 1005 559 1581 411 838 4993 2022 3538 63 918 2301 3892
3441 82 573 4231 3538 3890 49 1732 3214 1127 3326 102 2345 3802 1726 4372 2843 140 3880 2752
945 4098 2373 1790 334 3725 1286 2191 3600 4414 3115 2436 2256 522 3314 1718 1303 160 4515 3528
3096 4440 4964 171 1581 3182 4865 2670 3330 332 340 3565 2258 4473 323 1148 2407 165 2436 3272
541 1016 3188 1971 4816 1861 282 2998 430 800 3675 4059 192 1195 932 4887 3694 520 1058 3339
1619 2982 4398 4980 4969 892 4614 2758 4653 1237 3303 2436 3427 2744 15 3837 3705 1453 3093 1245
1296 1872 1581 955 2817 787 2038 2472 4216 4305 1738 2885 2823 2367 2067 3920 165 712 4529 1324
3652 3115 626 4597 2885 3715 34 3029 4426 1642 4461 165 1316 3188 2801 1155 165 3509 1446 3365
2307 113 3723 1044 4597 3467 4636 626 4597 626 10 3625 1027 4626 3750 1225 4428 1981 463 1333
1839 3532 93 2635 4216 647 4600 4859 3879 439 1993 113 1148 3528 2704 141 1912 2881 468 1367
4862 1804 99 4653 4252 2763 1887 3653 538 1064 1932 3466 1500 2911 4752 2763 4221 774 1097 911
870 3526 2967 1155 1679 138 1117 3289 947 2178 2817 4795 4874 3386 3284 888 4077 250 3071 2373
4569 4245 2061 1754 3945 4281 4717 3348 2420 3621 2508 2219 877 4305 3127 4962 1036 4375 2047 4641
4569 3903 1866 203 2654 1141 3408 576 3350 2909 2301 3181 3430 799 4816 2715 317 1244 4531 2872
4211 2618 4692 2759 1846 3156 385 3984 2678 4372 2830 2301 4956 1447 384 137 3466 1542 3718 3829
3188 3185 1002 1749 3937 3535 2565 3027 1872 4747 2817 1701 3550 2197 816 102 3377 2685 3150 2525
1213 4479 2417 1678 2623 4198 3428 4521 3936 3690 1418 4244 4299 77 165 4299 4457 4577 4795 3389
113 1514 626 1829 2767 915 1122 625 3350 15 2301 4153 1469 4012 1256 2754 853 3053 3489 3700
4798 3493 3621 1042 4417 3984 1637 1642 3466 4917 2922 3323 4857 4831 3285 3414 2983 2988 3218 2655
947 329 430 2756 1081 1278 3065 2525 212 746 2715 1982 4460 2190 2995 4012 982 15 653 2200
4246 3639 4798 4930 3245 4523 1612 880 1447 238 4626 4522 4232 169 3406 4419 438 1787 3057 1943
3364 2387 3789 4691 4632 722 3515 541 3240 3410 2982 4415 837 3150 928 1728 4324 2527 1147 1331
3770 2712 1121 1097 3279 441 2277 3715 1975 1893 4734 1453 2482 2350 2535 1440 4853 2706 2334 3337
2526 4382 2748 4012 1872 1696 821 1944 2228 224 3311 1872 2645 4828 617 3882 3664 2373 1812 4830
3694 3533 2061 140 3048 4708 2262 378 165 1234 4665 1800 191 3648 321 2096 2254 4270 749 2963
511 4964 63 1423 804 1060 4081 4383 4174 3256 4050 1678 4245 1038 2370 1215 3740 1776 2467 776
2308 4668 207 1468 1864 1216 3735 2068 3945 4692 3667 4616 4666 4795 3725 2591 1731 883 1824 1232
947 3591 1696 3609 823 4334 4795 3534 4216 2830 2010 4528 3430 1364 4372 2402 4218 165 2354 1255
4786 2665 4723 86 4449 210 1812 4996 1616 3880 217 4301 943 1452 2515 647 4597 4171 1899 2872
3466 2345 1171 169 4295 4780 2358 4539 2871 894 626 1639 4995 3945 4078 955 2282 894 23 958
3188 2436 652 1173 2946 3292 4092 800 3288 2709 344 3466 1853 4205 2859 4468 4146 1312 1143 857
870 2618 204 4546 2178 698 721 2850 2373 4263 2368 797 1023 394 2980 4026 4938 3272 2038 3368
4830 165 3737 924 261 392 100 821 12 375 2718 2088 3132 3705 756 1741 4415 506 2345 4511
2582 800 4383 3169 4944 3550 680 626 2885 644 1421 1669 1970 3080 960 2187 4653 2618 1807 718
2911 3222 3222 344 1044 2015 4626 3296 4758 1879 4707 3402 1890 1794 2300 3039 605 1992 161 1172
870 3984 2645 293 4921 4486 566 2027 1499 1176 4242 1081 2765 2042 1637 82 4267 1111 1472 3361
4569 4690 2367 1829 4216 346 1879 3919 3404 3882 313 463 894 626 626 1781 4597 4597 3036 626
4888 1866 3681 463 4851 4968 2995 4307 800 1831 2881 3172 3870 4714 1573 800 293 421 3466 1649
2817 303 2888 3681 1108 3139 468 3188 344 463 2571 645 2911 1921 799 2799 2060 265 2253 1690
4798 4245 4751 1097 3871 1710 3006 3766 4653 2094 2586 3378 130 2928 3869 3042 3110 2609 816 2524
