831 831 3003 1888 2191 2978 831 3450 3263 3990 1460 2594 4372 305 4829 4745 4177 2217 4205 413
831 1804 1415 3452 4342 491 3695 2054 4252 4768 4050 491 2364 2164 4783 230 5 1775 4876 2056
831 831 1305 2081 2957 3031 1590 2839 3297 1232 4507 4507 1080 3636 3249 1797 4658 4971 3859 1228
2902 4246 292 831 2418 1732 4206 1292 1676 1260 2353 770 2244 2364 1086 3350 1912 75 1067 2783
831 4414 1822 2885 4776 1296 1292 3066 2482 535 3297 3059 485 4934 1095 4252 2915 354 4867 4228
831 2721 4252 4063 3919 207 2812 3202 3218 4510 334 831 1030 1521 547 831 1577 1787 91 2364
831 4167 2813 4843 3151 1080 1080 1080 1080 1080 2235 1980 3658 623 4098 4594 535 3277 1099 3808
831 66 1413 4375 4876 564 914 285 4074 1964 504 1732 1232 1435 733 4415 401 1138 3043 73
831 3975 1080 1809 3853 4568 4044 4716 4119 1080 4206 4447 831 831 831 831 3811 2430 1658 3726
3792 909 2561 4043 3787 732 4538 1019 2258 1027 3277 413 4987 2054 4029 4943 1523 1953 4811 504
1569 2364 545 2244 4876 4557 1498 1080 4327 4327 3222 2054 1639 1049 3156 570 3003 3542 413 734
831 599 12 4475 2314 3930 2671 4597 4636 2131 2453 1901 4694 469 4063 228 568 4128 1104 104
831 831 599 2438 908 4361 2265 318 3732 1309 1038 2364 545 4415 693 3572 1115 1361 2782 413
831 957 4158 2760 3811 831 2574 2665 2244 2253 3293 1514 3600 4340 4063 3398 852 1080 1792 4753
831 3634 3846 3053 312 991 2416 2691 3082 3009 4075 3029 1809 1296 4654 4391 2748 2318 1769 3658
831 4254 354 3066 3062 1975 973 445 2968 413 1150 3302 2000 119 4764 4562 3041 1371 876 3014
1232 2279 2374 1337 153 1080 1080 1080 1080 1080 2418 545 1732 1080 3002 3930 1232 4079 4187 3652
831 3109 3218 1816 2156 831 1550 839 3287 554 4993 2351 1080 4588 2870 1889 145 1131 2904 2641
831 2868 3919 1643 408 3954 3975 245 1019 1080 2225 3462 4866 3386 1935 4929 1809 1649 334 3629
831 345 3298 3252 1002 4375 3628 3711 413 3566 4377 2054 716 3387 3530 4264 4980 734 546 4560
3805 3963 1974 3979 2661 3636 2775 3583 770 1903 3105 4290 725 491 4019 4201 4812 2602 2333 564
831 2164 141 555 6 419 3355 3089 3015 2533 4515 1339 4783 126 2190 1036 2364 2572 4284 4264
831 4151 2418 887 384 1438 79 4516 143 1586 3397 4658 689 4322 48 2671 1413 4757 3269 868
831 2351 1080 4295 1446 2716 4408 1309 4311 253 4726 4304 4735 3735 4720 4672 3695 3712 4726 3942
2816 3930 4375 1019 2333 413 4978 171 1912 733 3284 2084 2948 2424 2226 4171 456 733 3090 2433
831 3028 708 796 491 4308 3393 1309 2353 4636 4671 2589 4544 4993 3246 1296 489 4314 548 1842
831 1631 3644 4285 4519 143 447 3835 535 3151 1491 3526 1080 1080 1080 342 1779 1640 2774 711
831 4145 1309 644 4401 1309 4876 146 1310 3038 4 1309 3592 445 141 2716 4414 2181 1435 290
2459 2270 4876 1498 413 1309 413 4037 3045 1442 413 4074 4636 2210 2461 4885 2317 3282 2203 1334
831 3574 459 4605 3215 3634 129 3140 2482 1004 2352 2378 2578 4164 4343 3583 610 2384 798 1732
831 831 48 831 1128 4593 3541 2433 2054 157 543 677 2131 4602 287 1089 3025 4448 1080 1835
831 1467 70 3326 1080 3465 19 3644 1879 1649 4196 3502 535 4507 3573 1438 4560 2288 1595 3396
831 831 4380 4119 4475 742 1272 850 166 4876 4475 2637 3609 4069 520 550 4531 3699 1916 4726
831 343 1198 491 1389 4654 3787 517 4808 4587 3740 27 698 31 3711 2427 831 445 2979 4755
3930 4372 831 2240 353 757 1308 3243 1080 2726 1080 1809 1267 2330 3319 1046 4000 4475 3774 385
196 2162 555 4669 1845 72 3398 1199 3297 4558 1047 831 4227 2504 4151 2418 1732 543 1835 3901
4252 1102 2457 3170 2639 3308 396 2683 3531 2253 4614 2073 4927 1019 4062 2459 3062 1983 1816 3297
831 831 3274 3721 1804 4571 2244 3635 2054 1953 1080 2399 2418 1460 3290 3735 2048 2044 120 413
831 831 3105 145 2222 869 2364 1229 4372 1080 330 2679 2081 3483 831 4364 1312 2639 3787 3484
4966 831 1137 831 831 2260 3952 3024 1019 1080 4063 2054 3984 3539 278 1325 3398 2446 1308 3105
831 1031 4243 3594 70 2604 831 4376 2874 312 3096 3124 4629 4874 491 413 3218 3948 831 2933
4252 2432 70 4773 624 2390 2441 973 1347 2331 503 4895 4605 485 2455 3204 2127 3946 3322 460
831 2766 120 2915 426 1553 4194 580 369 1340 413 1481 3831 580 4567 535 3396 3386 1809 2978
831 2431 3193 1982 2808 1080 4755 1809 489 4 3930 1080 3456 1310 2011 2992 3297 707 1094 1019
831 3634 1080 2342 4141 1183 2397 947 2639 413 3297 2054 649 384 2563 3152 3930 975 555 1865
3429 1080 3522 4267 3342 2206 3034 404 3247 4350 3833 3398 3974 921 831 689 76 3908 4740 6
831 456 2446 4200 1127 831 2446 3412 3073 4329 4943 1142 143 4264 2827 2054 3379 4597 2787 501
831 1732 3888 2525 2190 3057 1220 2135 4637 3279 2572 3670 3199 3936 3337 4489 2393 831 381 1118
3930 1061 437 570 4264 2203 4418 535 2342 4177 4843 3297 3621 4149 1639 2602 2977 145 778 4614
1908 1529 4972 2666 3334 831 1429 3543 1542 4246 880 4196 4839 3908 926 2244 1243 3629 831 1988
831 3458 4664 1036 2761 3843 4010 785 2402 2277 4558 3693 4702 535 1089 535 708 143 413 831
831 1136 4317 1386 4802 4471 1460 4173 4505 4246 2561 4876 3066 989 2707 2578 3441 3870 4012 3130
831 599 445 4664 1897 1272 1080 4322 1685 80 1781 4978 3188 2765 3398 4636 2455 3487 1298 3846
831 1800 2121 67 1293 807 3157 3385 1160 2131 3200 2517 831 3379 4627 1154 354 1438 1393 777
831 1136 3438 401 2127 1173 1865 2762 4876 4558 413 3297 1937 3397 3421 2446 4654 4491 1950 3089
1908 3076 2279 3598 1536 3851 1722 489 1770 1102 1019 446 3779 2527 1595 4428 118 2448 156 1008
831 2766 831 2760 831 3171 831 926 3692 4022 3815 2364 3243 2054 1341 2723 2131 2777 3907 1070
831 3046 4076 2909 4814 3512 334 4654 4358 1272 75 3930 2336 3790 2287 1080 1080 4448 1019 3673
831 1933 1222 4014 745 3572 2098 4446 80 4654 3218 3040 914 1559 70 1931 2764 947 757 1080
3201 4037 4602 4504 1105 2220 1577 4640 1941 907 3693 1729 1180 2156 1652 3608 3721 2996 405 326
599 328 565 3218 535 1026 3064 3583 1413 1724 369 2985 3695 768 3208 606 3930 4711 1080 1080
831 599 4098 2469 3003 433 1472 1080 1232 4848 3724 831 404 4247 610 118 4347 2924 1677 4251
831 4268 1103 1256 1080 3379 546 2538 156 2162 4200 4150 4711 70 3930 1019 3252 1286 1845 3397
831 385 1990 1309 4312 2777 1903 973 4265 1048 2174 1681 1712 1080 2235 33 4174 1822 4602 3502
