3137 454 4381 4201 4800 3411 1544 777 2364 2955 1541 3676 3412 973 942 1880 2931 4399 1415 4943
60 4563 3418 2623 4671 1555 1152 2754 59 3014 439 2054 535 3644 2364 1885 4876 1702 2034 1775
346 3815 718 3971 1807 1390 3433 2695 1270 959 1689 4408 2396 1438 4259 879 4278 4184 1944 1944
3462 27 2145 999 79 3545 4866 2909 98 1543 1732 450 1867 4827 384 3648 1446 2292 85 3397
4425 2039 1880 72 3646 2745 1845 426 887 543 3222 3560 4649 730 1511 547 4119 4782 4907 2348
4666 164 4783 3209 4164 1381 555 2170 4032 1902 4401 156 1706 580 1337 4978 359 154 675 2301
4582 3505 4850 3745 3028 568 2131 76 2502 4850 4887 1515 2432 4636 334 696 1668 1142 2131 3693
1908 1594 4287 3636 2206 647 307 2578 563 1574 2372 4260 1545 1762 4776 1726 2290 2828 1855 4876
2853 2447 1625 4050 3367 3741 209 140 3699 4912 278 1491 1131 4682 1127 3462 200 543 2641 2434
3084 4535 1016 831 2731 3306 461 745 1672 110 4918 43 3082 776 2323 1799 3049 48 4318 2828
493 1809 3508 3779 3658 2364 3022 1108 3983 597 3972 633 80 1867 4811 2770 2759 2765 3160 4158
233 4009 142 4963 3930 2793 2631 4782 2674 1809 4938 4271 4513 627 72 541 4931 789 3059 4271
4782 3636 2572 70 1336 1049 4014 70 2674 1056 1625 1648 342 2051 2759 159 2744 4031 734 1371
1747 142 2260 2875 4879 4166 2455 269 3942 3883 3349 345 4290 3015 491 3137 4014 345 2560 79
831 3302 2193 2671 3209 1386 1261 3523 2671 1041 4014 1080 3576 3072 609 856 1011 4826 312 3845
3948 1108 4063 2029 3594 1807 4597 1059 1737 2565 1300 1325 897 3189 1309 2538 3343 3609 3010 1190
4029 3274 2852 1636 4336 3390 2683 2323 2990 493 2597 1292 3235 4269 52 4602 4811 1309 514 3297
2369 3487 1668 543 535 1807 4493 354 4694 1347 3089 4519 1067 364 3592 2011 1688 3098 4626 4518
1501 3801 3864 3159 4044 1999 196 528 1757 897 4258 1438 1611 1233 716 610 2488 2666 355 2918
4408 2966 429 3681 832 455 2542 3702 2193 3525 4759 2716 714 3106 1121 85 4251 2203 4558 4981
4431 2046 1305 4950 3031 3545 4828 2375 2047 2418 1732 3846 3904 2837 831 4254 324 4619 1740 3912
41 58 3828 1673 2158 1889 1229 4254 1884 3208 4375 3636 588 4014 130 4496 2301 547 300 2003
2325 972 353 1855 780 3433 571 1310 4195 4584 2416 2604 1309 2900 135 1889 1253 3673 2450 3634
3512 764 716 3644 1625 3424 3147 1884 2887 2885 1347 2807 4668 1118 1138 6 4755 2203 4453 3566
835 1049 1719 3297 3059 1506 2279 2665 1080 3773 1896 1749 3841 4358 4834 4415 4481 4496 141 2164
3870 1688 4746 3670 681 2225 2121 2431 2252 3218 1051 2959 2945 1057 1880 3064 788 4252 831 145
831 2461 796 633 3418 3873 1049 157 3980 4062 3869 397 4497 1177 4037 1613 2554 2815 716 3803
1980 3100 585 3488 2671 2200 2275 656 2912 3275 3901 1162 3542 3220 2636 4698 4594 1281 1309 1638
831 1631 2436 2453 2156 1775 1809 2827 413 2203 2986 3438 2201 2923 4162 610 4866 3028 4232 2467
831 1644 1980 864 744 679 3984 1385 387 789 2805 3052 392 1514 3583 120 4496 4317 2226 164
4580 4813 843 1582 4603 3530 2542 850 2916 3466 779 1380 1790 4726 4324 1093 2131 4414 768 312
831 4122 4828 2681 3116 454 1312 3185 3181 104 3186 2936 1917 2756 1183 2203 2156 4375 4423 2358
831 773 565 2835 4605 3188 906 1772 3574 2989 2239 1980 613 1401 2697 3109 3721 2454 1188 4230
831 1867 1215 1415 3500 4170 2498 4636 4959 450 3558 2628 4827 208 3815 4154 2664 3092 2456 3787
278 552 1495 2140 2210 482 3334 1713 413 4594 2900 3459 1838 4943 2699 3815 350 4950 4988 4196
138 4290 1740 1080 3837 3697 2046 3014 2723 2654 317 1061 4424 4558 625 2210 2611 941 1660 2897
535 949 451 1487 4260 3064 289 789 1080 4268 4535 423 638 3491 1198 1094 1442 2607 4870 565
4646 2485 2181 3379 3583 565 4833 1488 1050 3073 3386 1826 469 1981 2334 138 3438 2427 1618 1442
332 355 912 249 1173 2890 2384 2986 4312 4195 2454 1816 789 504 3428 4591 2033 4963 3821 2126
831 1668 973 294 4475 1889 788 48 3598 4008 3106 3030 2235 1086 1019 3288 4980 1196 143 4568
4827 2170 2226 2498 1080 4572 1807 3418 1150 4519 1192 3477 4717 601 565 691 1962 2777 3344 25
3263 4764 3387 991 543 1386 2759 758 2602 2981 4111 1613 2435 3493 3861 3482 3880 4619 4043 334
1049 914 4043 2004 3787 2909 3686 480 2923 3624 2046 1816 2996 4155 1220 2507 2969 736 70 4264
4425 2188 367 4753 1080 684 4522 4408 845 1700 996 839 228 707 3815 4391 4027 1215 3139 3688
4816 4414 3888 2641 3488 2835 498 839 3230 3634 3984 2701 2116 308 4840 1962 3017 4154 4391 3843
4425 1855 3507 2226 1736 3930 476 2293 1640 4113 733 2339 4658 770 6 2745 3133 2082 3240 3269
831 2296 1446 3990 4185 1327 1673 1055 2211 4638 4671 1663 4 4082 4493 2689 4128 3670 77 1806
831 4254 3249 344 1351 3313 1459 2683 3379 3222 1644 535 143 143 1652 1737 503 3628 119 1894
3308 2291 4372 4783 1302 4506 1640 1080 4177 3156 555 2953 2314 2292 4475 1912 2671 1897 3840 1854
1703 2418 2572 1524 4568 1880 53 1732 4137 1345 1926 4694 1233 599 492 546 145 2073 413 1371
1641 1344 2697 1438 3268 2535 2221 1867 659 3545 2351 1908 4769 4873 1402 1270 3462 1361 4004 48
831 4254 4361 3014 1438 1445 2203 3084 2058 1232 4137 3367 1997 1067 3084 2392 1597 1080 4386 1312
555 3786 1495 4037 1855 2364 3588 4322 517 3001 1131 2054 4437 1649 4722 1769 1108 705 3219 4654
535 2051 2209 4408 2683 504 4807 2203 4783 1908 2378 2301 1649 2088 3168 2644 3528 2938 3130 3629
1780 1070 1284 4967 3644 4706 2683 779 2332 1252 2861 3308 2996 4065 3674 72 2175 155 4863 2337
2627 2446 519 517 2936 2956 3629 3325 3002 3621 261 797 3017 80 3572 1652 4196 3859 1073 3661
831 1260 3494 2461 3059 1312 1745 2448 2428 3018 4616 4867 3010 1137 2549 4981 4375 1937 4910 4557
2380 3028 4917 1080 4292 1310 1817 2916 3611 2938 817 3787 135 1648 3138 3584 4507 1802 535 1688
1834 1960 119 1286 4588 4531 729 655 2455 138 2364 4820 1684 872 4664 909 2745 413 831 4685
4177 2617 4258 2694 3218 4547 1775 2209 2530 947 4358 1286 2226 3619 555 438 14 3297 1105 3762
947 3740 2352 4318 3577 2890 3808 3223 1918 3062 4843 1648 689 4537 3674 4904 366 2909 2641 1799
3149 3791 1744 484 4187 2671 2059 4154 3428 985 4438 3845 3498 3670 4986 1625 2890 942 1038 2364
4987 2434 1649 1050 1080 4755 700 4473 2446 2253 2898 3930 2067 3410 4157 4233 2314 4581 3779 4544
2450 4582 3589 3459 985 4372 831 2969 1102 1721 3480 2752 3171 1168 565 2203 2904 914 2599 4598
