831 4304 831 1612 2332 4934 3850 3233 4082 3433 4227 504 4975 3617 1129 4827 2739 831 4800 2301
831 2185 4304 4698 781 3327 3843 1809 413 2364 2375 1080 1080 1080 1080 1985 1269 3009 2815 1749
831 3837 1912 1080 860 1347 2861 1080 1080 1080 3930 1080 718 2039 2269 1196 1690 3257 1080 1080
831 1898 2244 1597 4318 3787 1442 2216 3296 4099 4435 3838 1080 4602 3398 4206 4264 1679 3710 991
831 599 1926 3695 858 156 3749 1778 4978 3930 4080 2788 2940 3001 1723 1721 4931 2364 831 4687
831 151 4063 4538 831 831 4397 543 423 4545 4521 3465 3297 914 3553 2252 313 3561 1215 1943
831 599 4850 3297 1477 4397 4082 1147 4874 1282 1080 1080 1080 1080 1080 1080 1080 1080 1080 1080
831 4304 4269 1493 535 574 831 831 831 831 3064 1380 2164 831 831 2364 2364 93 2039 4163
831 831 4254 873 4463 1296 3502 4538 2916 2345 2054 138 1309 1046 2164 1340 3670 4206 2418 1080
831 4414 136 205 2338 717 1622 142 215 4704 79 4629 1296 2154 4063 4784 4765 1296 263 831
831 2447 3600 4290 3313 831 3188 3297 427 164 2923 220 70 1786 4403 1340 1019 2332 4327 2418
831 1233 807 12 4755 413 4358 2501 1019 2054 1396 4963 2064 2476 2396 2544 4192 4979 2578 1284
831 599 831 2697 4459 3296 3139 151 217 4629 1214 2723 3125 831 831 831 831 831 2185 4526
323 2235 3378 3334 4426 1128 4423 831 1540 2578 4435 3296 2697 3217 3321 1080 1080 1080 1080 1080
831 2934 2545 1080 1080 1080 1080 1080 1080 1080 1080 1080 1080 1080 1080 1080 1080 1080 1080 1080
831 4601 3635 3297 1781 4138 4626 4876 4824 1246 3965 3131 503 3017 2818 370 1092 1181 1070 4396
831 831 441 535 1418 82 1080 1080 1080 1080 1080 1080 1080 1080 1080 1080 1080 1080 1080 1080
831 599 1652 2446 996 1870 3022 1832 599 3930 2364 555 3861 535 3462 4957 4948 1329 2700 413
831 2955 3846 831 831 2364 519 456 4082 2578 2396 1347 4070 831 1300 3811 491 3930 983 1080
831 2121 4061 3741 1734 111 2529 4206 413 138 2462 2640 2021 4979 1612 1832 3414 3302 2765 1277
831 439 1833 4489 1043 407 1775 2538 2683 3930 285 2112 1080 1080 1080 1080 1080 1080 1080 1080
1344 1080 1080 1080 1080 1080 1080 1080 1080 1080 1080 1080 1080 1080 1080 1080 1080 1080 1080 1080
831 3434 1049 4783 4318 2358 2570 1648 3512 535 3861 1435 2253 707 831 831 831 345 3524 4381
831 482 244 2311 796 2286 491 4019 4099 4987 4197 2246 4444 2039 2269 1654 1040 118 2054 342
831 13 2982 1617 2982 3002 313 3561 2194 1139 508 4197 693 4530 3256 599 4258 1243 3901 3507
831 4145 831 151 4507 735 4726 4252 3018 831 1867 1147 755 1309 957 3810 48 4636 2131 1852
831 4252 1031 2502 535 3297 889 1347 3735 2364 4116 2584 2805 2131 4866 708 2621 2744 1277 4414
831 2014 191 1045 1352 4006 1865 3049 413 2364 3398 831 3171 831 4098 1554 762 3640 3178 2922
831 831 91 4639 4876 4022 2244 2364 1296 1261 1762 4009 1260 3594 4206 1411 4603 375 2610 4311
831 4656 1400 1080 1080 1080 1080 1080 1080 1080 1080 1080 1080 1080 1080 1080 1080 1080 1080 1080
831 1711 2318 1450 831 2621 4057 1267 4988 1080 1080 1080 1080 1080 1080 1080 1080 1080 1080 1080
831 2044 3297 547 831 831 831 4943 2820 3218 1019 3017 51 1676 734 3513 1845 543 2418 1732
831 3652 3011 864 2241 4389 2896 2418 1732 3057 1732 3416 359 4977 4022 2244 1080 1080 1080 1080
831 385 3202 3574 4408 3297 4263 2765 3930 4654 451 839 831 959 4747 1080 1080 1080 1080 1080
831 1196 3126 1852 4032 1201 1271 1183 138 2125 556 3930 3229 2277 2244 3815 960 413 2141 1347
831 831 385 2124 789 1080 4596 3688 1690 555 2461 302 1980 973 2839 1080 1080 1080 1080 1080
831 780 831 1631 3400 4635 1493 2645 3446 4854 4716 2683 1286 34 3712 4195 2923 3748 2964 1300
831 2431 65 2396 2672 4063 4828 4616 3297 4679 4314 385 1574 141 1646 342 120 3817 1797 1080
831 831 4252 1926 2165 3019 144 1514 3670 3571 4453 999 4758 535 3297 4967 3297 2820 2054 4625
831 831 3444 3185 831 1421 1081 3583 570 445 3787 2906 549 3100 947 565 2919 674 2150 2531
1807 580 4876 1331 3455 3202 413 2361 2901 3608 2264 3396 546 1178 1193 3701 1513 1230 1404 4383
831 831 4254 1855 3218 1075 1898 371 820 2863 3725 2341 2341 4783 2259 2543 79 1296 2745 138
831 831 3160 2142 1830 357 2726 4876 157 2126 2424 535 4898 86 278 831 91 1679 1260 1434
831 4145 831 831 831 3909 831 3745 4144 3557 2654 171 3712 1019 4372 4258 323 1636 1673 4207
831 831 1325 4943 2599 226 4203 3217 1027 1937 1983 831 3003 1811 4629 880 4981 2054 4516 947
831 1162 3252 3568 582 3297 2590 89 1891 3864 2509 320 3325 3850 1408 4128 2054 4716 1775 3426
831 385 2434 831 831 3574 1080 1080 1080 1080 1080 1080 1080 1080 1080 1080 1080 1080 1080 1080
831 831 831 4867 535 1086 1080 831 831 831 1869 996 1391 2054 2578 3761 4196 1438 3245 323
831 831 831 3873 4907 2081 3017 1752 1809 3864 949 1091 4438 2364 4193 3297 3002 3930 4372 831
831 2029 1799 4597 4492 1312 4545 345 2822 131 535 2565 2578 4023 633 3297 831 548 831 831
831 831 2539 2177 831 4145 1080 1080 1080 1080 1080 1080 1080 1080 1080 1080 1080 1080 1080 1080
831 2460 3360 3664 535 3572 4316 3669 831 831 1039 3390 810 2396 491 317 2364 3233 831 4526
831 3218 831 4304 4582 4816 1080 3569 4831 2812 3574 831 4158 957 346 1280 2880 3437 3859 3774
831 831 4254 3537 2364 831 4232 3390 4372 1019 4069 2900 3121 2716 3458 1080 1080 2418 1732 1080
831 2121 695 2492 2666 456 4290 4050 3653 3240 3858 72 2335 307 3930 4973 1360 3082 1324 2924
1750 2364 746 1215 2364 4388 3438 2203 2418 1732 1080 2661 664 2435 816 824 2436 1310 4284 1080
831 1162 3843 2418 535 1550 1446 3634 3528 449 1080 1080 1080 1080 1080 1080 1080 1080 1080 1080
831 599 831 1147 4557 2192 1198 4664 4098 2773 1688 701 831 961 1033 217 11 541 3598 794
831 2164 512 1780 831 1625 4635 4954 405 2418 1732 543 1972 2784 3297 3793 1073 491 61 2202
831 1170 4183 184 2623 2244 2054 99 2757 2861 687 1080 538 456 1080 1658 2500 707 831 824
831 1522 1833 2157 2874 3222 3187 3582 831 2088 664 714 2848 1309 864 2723 4453 4507 499 1850
831 831 831 689 1713 4530 1901 2396 2434 2941 1885 2054 1775 4617 4862 2570 3930 789 1080 1080
831 831 4254 1038 3082 2968 535 959 3568 3138 4252 3635 3635 2054 2763 1220 561 4072 831 831
831 3648 1501 535 689 4332 2765 552 1143 2507 831 3007 2364 1080 1080 4963 4987 3218 3163 1982
