4245 1596 1215 800 1286 1921 524 2406 4654 955 100 1993 3538 1286 1226 2179 1286 3879 100 516
1619 1568 2373 430 165 4990 1061 2910 942 1471 3115 100 503 1117 3467 2058 821 2928 614 819
4299 1776 2473 2122 3047 2873 2373 2830 959 100 2350 1089 1726 4296 2299 3680 2298 4517 800 2308
2234 2671 2830 3628 1254 2859 1995 34 1522 4990 3789 3671 1962 2052 1704 3468 2702 1359 3945 2590
3188 1088 436 1669 870 3987 1286 746 3474 165 4780 4216 4377 4518 4426 430 4108 165 917 4965
1619 4232 2657 3897 363 4990 4653 204 3606 3874 2446 1453 3127 4795 4940 1114 1888 1910 2118 1045
4245 1594 800 4478 217 1232 3053 1628 1770 877 1743 1919 741 1289 2354 4772 1023 226 3692 3789
4569 113 3395 2514 3325 2809 3286 1728 3631 1114 2553 1637 1628 3067 1016 3172 2580 1453 2067 1887
2911 1892 42 626 465 4295 4097 784 1563 2298 3718 34 3875 564 4205 821 255 821 937 4781
3466 1628 959 821 4597 800 463 113 4765 534 1456 3628 3691 3202 217 2178 4703 1398 165 1696
3269 626 437 3408 3007 2967 3700 2824 254 626 3433 626 626 626 626 626 626 626 626 626
2527 626 626 626 626 626 626 626 626 626 626 626 626 626 626 626 626 626 626 626
3188 2188 2711 3549 2419 626 626 626 626 626 626 626 626 626 626 626 626 626 626 626
3188 2188 363 3117 173 1696 2118 463 2368 3201 129 800 3029 2078 645 463 1286 2783 800 3383
3710 4515 2859 4780 800 541 4990 4575 2673 2332 4653 3808 1430 2436 800 3523 800 4546 2598 3970
4430 2550 3272 463 1544 2864 3354 842 800 4355 2525 91 2982 90 4211 3789 2911 1861 2680 746
3466 1916 1440 2817 3242 4990 800 3222 100 3839 4153 3053 4901 1865 2378 1995 3219 1568 3364 1696
1829 2569 4470 3520 2209 492 1349 2622 315 2533 63 366 2911 3863 3799 1293 1311 375 3626 2854
1550 4108 1883 1379 3361 2872 498 3685 3685 4279 4097 3071 2843 525 4490 3626 1312 1048 4856 1858
626 626 626 626 626 626 626 626 626 626 626 626 626 626 626 626 626 626 626 626
733 529 800 3879 4853 1115 430 2395 751 4222 3764 3364 3305 503 2178 1371 816 1394 294 799
2350 2281 1784 3127 955 4245 2920 934 1215 2538 113 541 1255 3624 1846 3772 113 1678 1576 463
3710 3819 1628 1628 2397 2724 1890 3534 3791 4138 4838 816 3521 2018 3060 92 469 159 165 4946
3466 626 626 2399 3808 2928 3892 1542 165 4946 746 4648 4178 698 2352 821 4243 2105 1286 2435
1468 3640 100 503 4573 1696 2699 3477 4408 982 4859 1757 1590 675 1846 2792 444 1877 982 2611
3466 958 4632 4858 626 626 626 626 626 626 626 626 626 626 626 626 626 626 626 626
996 2612 4257 217 1669 2911 100 821 3882 3156 1130 2395 3849 1626 2034 3239 4408 3099 1884 3727
4639 1696 88 1838 1045 2712 3984 1555 2022 3945 2353 3685 4837 1457 102 4280 3425 4216 1053 1030
1619 1193 2830 2817 3594 437 611 2830 1696 1669 4019 594 4649 2499 3553 1890 2015 432 4795 4096
3364 3543 1724 2913 557 911 3722 4026 1209 4946 1542 144 3028 1453 3357 2515 2711 1421 821 3984
3466 626 626 626 626 626 626 626 626 626 626 626 626 1829 545 1716 2701 4816 593 4475
1619 3059 498 703 2436 3550 1401 165 2579 4529 4968 800 4748 113 173 1696 4245 1129 1480 3678
1619 3914 100 4859 81 3832 2765 2442 3538 1540 4860 1676 304 3886 579 2118 1983 1331 2308 2817
1710 1333 1123 1034 1607 2815 165 2899 3916 3676 1733 605 1005 1195 800 1655 886 859 4112 1989
4569 1297 487 4134 3720 2373 4919 2881 2609 2703 2872 4597 800 1633 4504 2908 1030 2555 1628 1690
3418 4475 3218 541 3466 3936 1312 3068 3847 1794 428 2373 430 800 1562 1892 958 807 59 3466
1619 3914 3265 1657 2640 4217 2792 4668 2709 4103 800 4219 2783 977 3466 760 1333 4475 1992 3124
1619 3115 626 626 626 626 626 626 626 626 626 626 626 626 626 626 626 626 626 626
563 1581 2368 2417 4217 126 1617 3945 982 114 2296 2598 821 3457 4626 228 626 626 626 626
2616 2037 4231 3798 4267 788 4845 4108 3408 4788 3350 800 3454 4726 626 626 626 626 626 626
4389 3478 679 2078 113 2835 4707 1276 2743 463 379 1255 2527 4597 540 2817 955 100 3737 1096
3188 2902 2188 642 4195 1453 3031 1012 2711 2597 3696 4271 626 626 626 626 626 626 626 3467
870 4548 626 1919 4476 266 379 4130 1003 3504 4626 959 2368 1099 800 3869 100 4393 3759 3394
870 3945 389 3012 4632 753 2387 2352 2570 1119 4990 899 2305 2928 3951 4990 1371 4946 4305 3039
3710 3791 3420 4817 878 753 2075 3190 3936 541 3466 2999 3196 2057 344 1433 1410 4826 1411 4971
1271 2659 3612 4786 4324 463 4990 2974 800 1804 2 4398 3745 1253 3262 2010 4195 4301 155 1411
3466 2373 2352 2928 165 4043 2911 4844 2811 626 626 626 626 626 626 626 626 626 626 626
2043 2236 2830 2486 3510 1281 72 4205 3983 2704 4423 750 1846 515 4755 1155 374 459 4632 3143
1619 1859 955 1193 2083 2306 3466 2022 4841 1619 3282 3286 100 3127 821 2152 113 3745 1286 1757
1296 3808 2821 1486 2644 800 3361 3048 15 1573 465 4902 4336 2609 3228 1696 4383 1254 4727 4211
2916 3466 1628 3466 3248 982 1528 1475 339 1154 1570 2178 4184 113 1770 3466 1892 3041 1051 2829
1619 3521 102 1704 698 4952 100 3642 3228 2395 2976 390 4216 2830 494 3410 2868 1429 1489 1215
2267 2127 488 2432 1637 520 90 4021 3507 2986 1286 2508 1096 220 1155 1452 3700 4969 2194 430
4751 4798 2925 568 3951 325 958 1749 4802 3724 2990 4097 4531 3215 3048 121 4853 2149 3180 822
4569 1853 2280 2431 3670 3187 2712 2854 2818 987 4947 2205 955 3200 955 4506 4216 3058 3872 4270
967 955 2342 4604 4020 3538 2995 3133 100 2626 3626 1327 1679 1873 2911 226 2824 4632 2354 1773
4569 3350 2988 3188 1277 3819 803 626 626 626 626 626 626 626 626 626 626 626 626 626
1559 541 1911 4426 34 1647 4083 3945 2571 4744 800 3798 2342 4629 2854 3844 1565 3048 2780 2819
4569 1020 3110 2260 463 1879 735 617 626 626 626 626 626 626 626 2885 626 626 626 626
4751 4231 4938 2378 2974 800 538 109 1114 996 3656 3466 1248 4301 459 1892 3594 2606 341 3045
870 3600 773 4947 3656 1562 4632 2519 3802 3467 4787 2817 2442 4653 4235 3847 774 2436 3945 2094
3348 1804 1207 1892 165 3236 437 430 800 4036 2665 92 1642 800 3839 926 495 4990 98 4475
4569 113 2835 3951 1696 4015 523 937 438 1669 3565 1399 1429 3831 1180 4946 1256 4195 1453 2596
1559 3707 2278 1984 1455 821 4821 800 3789 1892 1669 2097 191 3808 3041 4990 1286 1331 799 3337
